Latitude	Longitude	Date	Yr_code	Bay	Site	Size	LL	LO	NL	TT	FV	AN	ME	MM	OSB	NSB	PSB	PFV	PAN	PME	PBR
44 8.633	68 26.650	25Jul1996	1996b	BC	DK	1	17.6	3.0	0.0	0.0	-999.9	0.4	0.0	0.0	3.7	-999.9	-999.9	-999.9	-999.9	-999.9	-999.9
44 8.657	68 26.687	25Jul1996	1996b	BC	DK	2	36.2	0.8	0.0	0.0	-999.9	9.0	4.8	0.0	2.7	-999.9	-999.9	-999.9	-999.9	-999.9	-999.9
44 8.651	68 26.665	25Jul1996	1996b	BC	DK	4	25.0	3.6	0.0	1.2	-999.9	8.6	3.2	0.0	0.4	-999.9	-999.9	-999.9	-999.9	-999.9	-999.9
44 8.672	68 26.701	25Jul1996	1996b	BC	DK	8	45.8	11.8	0.0	1.6	-999.9	19.6	15.6	0.0	1.5	-999.9	-999.9	-999.9	-999.9	-999.9	-999.9
44 8.288	68 25.917	07Jul1996	1996b	BC	LC	1	3.0	0.6	0.2	0.2	-999.9	8.6	0.0	0.0	1.3	-999.9	-999.9	-999.9	-999.9	-999.9	-999.9
44 8.292	68 25.940	07Jul1996	1996b	BC	LC	2	17.8	2.8	0.2	0.2	-999.9	15.4	28.8	0.0	1.6	-999.9	-999.9	-999.9	-999.9	-999.9	-999.9
44 8.306	68 25.967	07Jul1996	1996b	BC	LC	4	13.2	0.8	0.0	2.2	-999.9	15.0	0.8	0.0	1.2	-999.9	-999.9	-999.9	-999.9	-999.9	-999.9
44 8.276	68 25.896	07Jul1996	1996b	BC	LC	8	23.0	1.8	0.0	0.8	-999.9	12.0	16.8	0.0	1.4	-999.9	-999.9	-999.9	-999.9	-999.9	-999.9
44 8.450	68 26.503	20Jul1996	1996b	BC	MP	1	111.6	2.2	4.2	4.0	-999.9	4.2	44.2	0.0	1.5	-999.9	-999.9	-999.9	-999.9	-999.9	-999.9
44 8.452	68 26.481	20Jul1996	1996b	BC	MP	2	19.8	0.4	0.2	1.4	-999.9	6.2	13.0	0.0	8.6	-999.9	-999.9	-999.9	-999.9	-999.9	-999.9
44 8.433	68 26.427	20Jul1996	1996b	BC	MP	4	90.0	0.4	0.0	1.2	-999.9	4.4	71.6	0.0	2.6	-999.9	-999.9	-999.9	-999.9	-999.9	-999.9
44 8.449	68 26.456	20Jul1996	1996b	BC	MP	8	71.6	0.6	0.0	0.6	-999.9	2.6	6.8	0.0	4.0	-999.9	-999.9	-999.9	-999.9	-999.9	-999.9
44 10.456	68 26.911	18Jul1996	1996b	MC	BO	1	38.4	1.0	0.0	0.0	-999.9	16.4	0.0	0.0	0.0	-999.9	-999.9	-999.9	-999.9	-999.9	-999.9
44 10.510	68 26.873	18Jul1996	1996b	MC	BO	2	51.8	8.8	2.4	0.6	-999.9	2.8	0.0	0.0	0.1	-999.9	-999.9	-999.9	-999.9	-999.9	-999.9
44 10.469	68 26.897	18Jul1996	1996b	MC	BO	4	32.0	0.2	0.4	0.8	-999.9	9.4	5.8	0.0	4.6	-999.9	-999.9	-999.9	-999.9	-999.9	-999.9
44 10.500	68 26.884	16Jul1996	1996b	MC	BO	8	28.8	4.4	0.8	1.4	-999.9	8.2	0.0	0.0	0.0	-999.9	-999.9	-999.9	-999.9	-999.9	-999.9
44 10.475	68 25.379	31Jul1996	1996b	MC	BS	1	23.0	1.8	0.6	0.0	-999.9	6.8	0.0	0.0	0.0	-999.9	-999.9	-999.9	-999.9	-999.9	-999.9
44 10.484	68 25.372	31Jul1996	1996b	MC	BS	2	34.6	0.4	0.0	0.0	-999.9	5.4	0.0	0.0	0.0	-999.9	-999.9	-999.9	-999.9	-999.9	-999.9
44 10.509	68 25.358	31Jul1996	1996b	MC	BS	4	24.4	2.0	0.0	0.4	-999.9	5.6	0.0	0.0	0.0	-999.9	-999.9	-999.9	-999.9	-999.9	-999.9
44 10.497	68 25.366	31Jul1996	1996b	MC	BS	8	6.0	1.4	0.0	0.2	-999.9	6.4	0.0	0.0	0.0	-999.9	-999.9	-999.9	-999.9	-999.9	-999.9
44 9.855	68 27.207	22Jul1996	1996b	MC	GR	1	14.8	4.2	0.0	0.0	-999.9	15.8	0.0	0.0	0.0	-999.9	-999.9	-999.9	-999.9	-999.9	-999.9
44 9.877	68 27.203	22Jul1996	1996b	MC	GR	2	15.2	2.4	0.0	0.0	-999.9	14.8	0.0	0.0	0.0	-999.9	-999.9	-999.9	-999.9	-999.9	-999.9
44 9.866	68 27.207	22Jul1996	1996b	MC	GR	4	8.4	4.0	0.0	0.6	-999.9	28.2	0.0	0.0	0.0	-999.9	-999.9	-999.9	-999.9	-999.9	-999.9
44 9.839	68 27.221	22Jul1996	1996b	MC	GR	8	20.4	21.4	0.0	0.8	-999.9	3.4	0.0	0.0	0.0	-999.9	-999.9	-999.9	-999.9	-999.9	-999.9
44 10.361	68 28.309	09Jul1996	1996b	SC	HN	1	161.2	1.2	1.0	0.6	-999.9	7.2	0.0	0.0	0.0	-999.9	-999.9	-999.9	-999.9	-999.9	-999.9
44 10.354	68 28.316	09Jul1996	1996b	SC	HN	2	149.2	1.2	2.0	1.4	-999.9	5.0	0.0	0.0	0.0	-999.9	-999.9	-999.9	-999.9	-999.9	-999.9
44 10.377	68 28.281	09Jul1996	1996b	SC	HN	4	84.2	22.6	0.2	1.4	-999.9	9.0	0.0	0.0	0.0	-999.9	-999.9	-999.9	-999.9	-999.9	-999.9
44 10.326	68 28.314	09Jul1996	1996b	SC	HN	8	23.6	39.6	0.0	2.2	-999.9	7.2	0.0	0.0	0.0	-999.9	-999.9	-999.9	-999.9	-999.9	-999.9
44 9.931	68 28.642	17Jul1996	1996b	SC	MD	1	45.2	1.4	0.0	0.8	-999.9	0.4	0.0	0.0	0.0	-999.9	-999.9	-999.9	-999.9	-999.9	-999.9
44 9.909	68 28.635	12Jul1996	1996b	SC	MD	2	56.6	3.8	0.0	0.4	-999.9	21.6	0.0	0.0	0.0	-999.9	-999.9	-999.9	-999.9	-999.9	-999.9
44 9.946	68 28.596	12Jul1996	1996b	SC	MD	4	52.0	0.6	0.0	1.6	-999.9	10.8	0.0	0.0	0.0	-999.9	-999.9	-999.9	-999.9	-999.9	-999.9
44 9.945	68 28.626	12Jul1996	1996b	SC	MD	8	40.6	1.8	0.0	0.8	-999.9	16.0	0.0	0.0	0.0	-999.9	-999.9	-999.9	-999.9	-999.9	-999.9
44 9.606	68 28.858	03Jul1996	1996b	SC	PL	1	27.8	10.4	0.4	2.2	-999.9	17.8	0.0	0.0	0.0	-999.9	-999.9	-999.9	-999.9	-999.9	-999.9
44 9.615	68 28.802	03Jul1996	1996b	SC	PL	2	30.4	7.4	0.4	1.4	-999.9	7.6	0.0	0.0	0.0	-999.9	-999.9	-999.9	-999.9	-999.9	-999.9
44 9.615	68 28.816	03Jul1996	1996b	SC	PL	4	25.0	23.2	0.0	2.2	-999.9	12.6	0.0	0.0	0.0	-999.9	-999.9	-999.9	-999.9	-999.9	-999.9
44 9.613	68 28.849	03Jul1996	1996b	SC	PL	8	16.4	19.4	0.0	1.4	-999.9	18.8	0.0	0.0	0.0	-999.9	-999.9	-999.9	-999.9	-999.9	-999.9
44 9.318	68 28.167	05Jul1996	1996b	TC	JL	1	7.8	12.0	0.2	2.6	-999.9	2.6	0.0	0.0	0.7	-999.9	-999.9	-999.9	-999.9	-999.9	-999.9
44 9.309	68 28.157	05Jul1996	1996b	TC	JL	2	52.4	7.0	0.8	0.6	-999.9	6.6	0.0	0.0	0.0	-999.9	-999.9	-999.9	-999.9	-999.9	-999.9
44 9.312	68 28.98	05Jul1996	1996b	TC	JL	4	10.6	35.6	0.0	1.2	-999.9	11.2	0.0	0.0	4.5	-999.9	-999.9	-999.9	-999.9	-999.9	-999.9
44 9.312	68 28.141	05Jul1996	1996b	TC	JL	8	37.0	24.2	0.6	0.8	-999.9	1.2	0.0	0.0	0.2	-999.9	-999.9	-999.9	-999.9	-999.9	-999.9
44 8.165	68 27.186	14Aug1996	1996b	TC	LD	1	9.8	1.6	1.2	0.6	-999.9	4.8	0.0	8.4	0.0	-999.9	-999.9	-999.9	-999.9	-999.9	-999.9
44 8.152	68 27.156	14Aug1996	1996b	TC	LD	2	7.0	4.0	4.8	1.6	-999.9	3.8	1.0	7.8	0.0	-999.9	-999.9	-999.9	-999.9	-999.9	-999.9
44 8.121	68 27.133	14Aug1996	1996b	TC	LD	4	3.6	3.6	0.6	0.8	-999.9	6.6	0.0	2.6	0.0	-999.9	-999.9	-999.9	-999.9	-999.9	-999.9
44 8.133	68 27.145	13Aug1996	1996b	TC	LD	8	14.2	17.6	2.0	3.0	-999.9	5.2	0.2	0.0	1.8	-999.9	-999.9	-999.9	-999.9	-999.9	-999.9
44 9.460	68 27.804	01Jul1996	1996b	TC	LH	1	106.4	28.6	0.2	7.6	-999.9	6.4	0.0	0.4	0.0	-999.9	-999.9	-999.9	-999.9	-999.9	-999.9
44 9.463	68 27.772	01Jul1996	1996b	TC	LH	2	61.4	4.8	0.0	1.6	-999.9	8.2	0.0	0.0	0.0	-999.9	-999.9	-999.9	-999.9	-999.9	-999.9
44 9.468	68 27.790	01Jul1996	1996b	TC	LH	4	29.8	20.0	0.0	0.4	-999.9	6.8	0.2	0.0	0.0	-999.9	-999.9	-999.9	-999.9	-999.9	-999.9
44 9.451	68 27.826	01Jul1996	1996b	TC	LH	8	53.8	4.4	11.2	2.6	-999.9	4.8	0.0	0.0	0.0	-999.9	-999.9	-999.9	-999.9	-999.9	-999.9
44 8.629	68 26.663	05Jun1997	1997a	BC	DK	0	28.8	8.4	1.6	0.2	-999.9	-999.9	7.0	0.0	2.2	2.6	-999.9	-999.9	-999.9	-999.9	-999.9
44 8.633	68 26.650	05Jun1997	1997a	BC	DK	1	5.2	5.4	0.2	0.0	-999.9	-999.9	0.4	0.0	0.4	5.6	-999.9	-999.9	-999.9	-999.9	-999.9
44 8.657	68 26.687	05Jun1997	1997a	BC	DK	2	8.6	0.0	0.0	0.0	-999.9	-999.9	0.0	0.0	0.2	8.6	-999.9	-999.9	-999.9	-999.9	-999.9
44 8.651	68 26.665	05Jun1997	1997a	BC	DK	4	15.6	1.0	0.6	0.0	-999.9	-999.9	0.6	0.0	0.0	4.4	-999.9	-999.9	-999.9	-999.9	-999.9
44 8.672	68 26.701	05Jun1997	1997a	BC	DK	8	34.4	0.4	0.6	0.0	-999.9	-999.9	2.6	0.0	0.0	20.6	-999.9	-999.9	-999.9	-999.9	-999.9
44 8.302	68 25.950	05Jun1997	1997a	BC	LC	0	15.8	3.8	1.0	0.2	-999.9	-999.9	13.4	0.0	0.8	6.2	-999.9	-999.9	-999.9	-999.9	-999.9
44 8.288	68 25.917	05Jun1997	1997a	BC	LC	1	11.6	1.8	0.4	0.0	-999.9	-999.9	0.0	0.0	0.6	10.4	-999.9	-999.9	-999.9	-999.9	-999.9
44 8.292	68 25.940	05Jun1997	1997a	BC	LC	2	22.2	3.0	0.4	2.2	-999.9	-999.9	17.8	0.0	0.0	12.8	-999.9	-999.9	-999.9	-999.9	-999.9
44 8.306	68 25.967	05Jun1997	1997a	BC	LC	4	42.0	3.8	0.4	0.0	-999.9	-999.9	3.0	0.0	0.2	13.4	-999.9	-999.9	-999.9	-999.9	-999.9
44 8.276	68 25.896	05Jun1997	1997a	BC	LC	8	75.0	1.0	0.4	0.0	-999.9	-999.9	35.2	0.0	0.6	14.4	-999.9	-999.9	-999.9	-999.9	-999.9
44 8.443	68 26.448	04Jun1997	1997a	BC	MP	0	40.2	0.8	0.8	2.4	-999.9	-999.9	36.8	0.0	2.0	11.1	-999.9	-999.9	-999.9	-999.9	-999.9
44 8.450	68 26.503	04Jun1997	1997a	BC	MP	1	78.6	0.4	4.0	9.6	-999.9	-999.9	80.0	0.0	0.1	9.5	-999.9	-999.9	-999.9	-999.9	-999.9
44 8.452	68 26.481	04Jun1997	1997a	BC	MP	2	25.6	0.0	1.4	0.6	-999.9	-999.9	3.8	0.0	0.1	11.1	-999.9	-999.9	-999.9	-999.9	-999.9
44 8.433	68 26.427	26May1997	1997a	BC	MP	4	90.2	0.4	1.0	0.4	-999.9	-999.9	79.0	0.0	1.2	20.6	-999.9	-999.9	-999.9	-999.9	-999.9
44 8.449	68 26.456	04Jun1997	1997a	BC	MP	8	47.4	0.0	0.6	0.0	-999.9	-999.9	4.2	0.0	0.6	14.2	-999.9	-999.9	-999.9	-999.9	-999.9
44 10.487	68 26.890	03Jun1997	1997a	MC	BO	0	103.2	1.4	0.8	1.4	-999.9	-999.9	6.2	0.0	0.0	1.9	-999.9	-999.9	-999.9	-999.9	-999.9
44 10.456	68 26.911	03Jun1997	1997a	MC	BO	1	64.0	0.0	1.4	0.0	-999.9	-999.9	0.4	0.2	0.0	8.2	-999.9	-999.9	-999.9	-999.9	-999.9
44 10.510	68 26.873	03Jun1997	1997a	MC	BO	2	5.6	0.0	0.2	1.2	-999.9	-999.9	0.0	0.0	0.1	3.8	-999.9	-999.9	-999.9	-999.9	-999.9
44 10.469	68 26.897	03Jun1997	1997a	MC	BO	4	44.2	0.0	0.2	0.0	-999.9	-999.9	2.6	0.0	3.1	32.6	-999.9	-999.9	-999.9	-999.9	-999.9
44 10.500	68 26.884	03Jun1997	1997a	MC	BO	8	14.6	0.0	2.6	0.0	-999.9	-999.9	0.0	0.0	0.0	11.8	-999.9	-999.9	-999.9	-999.9	-999.9
44 10.462	68 25.380	03Jun1997	1997a	MC	BS	0	16.0	4.6	4.4	0.6	-999.9	-999.9	0.0	2.6	0.0	0.5	-999.9	-999.9	-999.9	-999.9	-999.9
44 10.475	68 25.379	04Jun1997	1997a	MC	BS	1	24.4	0.2	2.4	0.2	-999.9	-999.9	0.0	0.6	0.0	2.5	-999.9	-999.9	-999.9	-999.9	-999.9
44 10.484	68 25.372	03Jun1997	1997a	MC	BS	2	24.6	0.0	1.2	0.2	-999.9	-999.9	0.0	0.2	0.0	3.2	-999.9	-999.9	-999.9	-999.9	-999.9
44 10.509	68 25.358	03Jun1997	1997a	MC	BS	4	34.4	1.2	3.0	0.4	-999.9	-999.9	0.0	0.0	0.0	13.8	-999.9	-999.9	-999.9	-999.9	-999.9
44 10.497	68 25.366	03Jun1997	1997a	MC	BS	8	24.6	1.0	1.6	2.0	-999.9	-999.9	0.2	0.0	0.0	14.0	-999.9	-999.9	-999.9	-999.9	-999.9
44 9.885	68 27.212	03Jun1997	1997a	MC	GR	0	18.0	4.2	0.2	0.8	-999.9	-999.9	0.2	0.0	0.0	0.0	-999.9	-999.9	-999.9	-999.9	-999.9
44 9.855	68 27.207	03Jun1997	1997a	MC	GR	1	37.8	2.0	1.0	1.0	-999.9	-999.9	0.8	0.0	0.0	0.0	-999.9	-999.9	-999.9	-999.9	-999.9
44 9.877	68 27.203	03Jun1997	1997a	MC	GR	2	11.4	0.0	0.8	0.0	-999.9	-999.9	0.0	0.6	0.0	0.5	-999.9	-999.9	-999.9	-999.9	-999.9
44 9.866	68 27.207	03Jun1997	1997a	MC	GR	4	18.6	1.0	2.6	0.0	-999.9	-999.9	0.0	0.0	0.0	0.4	-999.9	-999.9	-999.9	-999.9	-999.9
44 9.839	68 27.221	03Jun1997	1997a	MC	GR	8	31.4	0.0	0.0	0.0	-999.9	-999.9	0.0	0.6	0.0	0.7	-999.9	-999.9	-999.9	-999.9	-999.9
44 10.338	68 28.328	04Jun1997	1997a	SC	HN	0	83.2	0.6	0.6	0.8	-999.9	-999.9	0.0	0.0	0.0	0.0	-999.9	-999.9	-999.9	-999.9	-999.9
44 10.361	68 28.309	04Jun1997	1997a	SC	HN	1	58.6	0.2	0.6	0.2	-999.9	-999.9	0.0	0.0	0.0	0.0	-999.9	-999.9	-999.9	-999.9	-999.9
44 10.354	68 28.316	04Jun1997	1997a	SC	HN	2	50.0	0.0	0.6	2.4	-999.9	-999.9	0.0	0.0	0.0	3.0	-999.9	-999.9	-999.9	-999.9	-999.9
44 10.377	68 28.281	04Jun1997	1997a	SC	HN	4	26.2	0.0	7.6	0.2	-999.9	-999.9	0.2	0.0	0.0	7.8	-999.9	-999.9	-999.9	-999.9	-999.9
44 10.326	68 28.314	04Jun1997	1997a	SC	HN	8	26.0	0.2	1.2	0.0	-999.9	-999.9	0.0	0.0	0.0	15.1	-999.9	-999.9	-999.9	-999.9	-999.9
44 9.923	68 28.626	05Jun1997	1997a	SC	MD	0	13.6	4.4	2.2	1.0	-999.9	-999.9	0.0	0.0	0.0	0.0	-999.9	-999.9	-999.9	-999.9	-999.9
44 9.931	68 28.642	05Jun1997	1997a	SC	MD	1	117.6	0.4	0.6	1.4	-999.9	-999.9	0.0	0.0	0.0	0.0	-999.9	-999.9	-999.9	-999.9	-999.9
44 9.909	68 28.635	05Jun1997	1997a	SC	MD	2	37.4	0.6	1.2	0.2	-999.9	-999.9	0.0	0.0	0.0	0.3	-999.9	-999.9	-999.9	-999.9	-999.9
44 9.946	68 28.596	05Jun1997	1997a	SC	MD	4	42.6	0.0	26.2	0.4	-999.9	-999.9	0.0	0.0	0.0	4.4	-999.9	-999.9	-999.9	-999.9	-999.9
44 9.945	68 28.626	05Jun1997	1997a	SC	MD	8	21.0	0.0	17.8	0.0	-999.9	-999.9	0.0	0.0	0.0	3.5	-999.9	-999.9	-999.9	-999.9	-999.9
44 9.614	68 28.834	03Jun1997	1997a	SC	PL	0	10.0	0.4	1.4	0.2	-999.9	-999.9	0.0	0.0	0.0	0.0	-999.9	-999.9	-999.9	-999.9	-999.9
44 9.606	68 28.858	03Jun1997	1997a	SC	PL	1	2.8	0.4	0.4	1.0	-999.9	-999.9	0.0	0.0	0.0	0.0	-999.9	-999.9	-999.9	-999.9	-999.9
44 9.615	68 28.802	03Jun1997	1997a	SC	PL	2	19.8	1.4	1.2	1.2	-999.9	-999.9	0.0	0.0	0.0	0.2	-999.9	-999.9	-999.9	-999.9	-999.9
44 9.615	68 28.816	03Jun1997	1997a	SC	PL	4	9.2	0.0	2.4	0.2	-999.9	-999.9	0.0	0.0	0.0	3.8	-999.9	-999.9	-999.9	-999.9	-999.9
44 9.613	68 28.849	03Jun1997	1997a	SC	PL	8	51.2	0.0	2.6	0.2	-999.9	-999.9	0.0	0.0	0.0	2.2	-999.9	-999.9	-999.9	-999.9	-999.9
44 9.314	68 28.117	04Jun1997	1997a	TC	JL	0	15.8	12.0	3.8	0.2	-999.9	-999.9	0.2	0.0	2.3	18.2	-999.9	-999.9	-999.9	-999.9	-999.9
44 9.318	68 28.167	04Jun1997	1997a	TC	JL	1	6.0	27.2	8.2	0.2	-999.9	-999.9	0.0	0.0	0.1	15.4	-999.9	-999.9	-999.9	-999.9	-999.9
44 9.309	68 28.157	04Jun1997	1997a	TC	JL	2	95.8	6.0	14.6	2.6	-999.9	-999.9	0.0	0.0	0.0	5.9	-999.9	-999.9	-999.9	-999.9	-999.9
44 9.312	68 28.98	05Jun1997	1997a	TC	JL	4	29.2	0.0	2.6	0.0	-999.9	-999.9	0.0	0.0	0.0	10.4	-999.9	-999.9	-999.9	-999.9	-999.9
44 9.312	68 28.141	04Jun1997	1997a	TC	JL	8	29.4	0.2	6.8	0.2	-999.9	-999.9	0.0	0.0	0.0	13.4	-999.9	-999.9	-999.9	-999.9	-999.9
44 8.164	68 27.194	04Jun1997	1997a	TC	LD	0	24.2	8.6	1.0	2.4	-999.9	-999.9	0.0	0.0	0.0	0.0	-999.9	-999.9	-999.9	-999.9	-999.9
44 8.165	68 27.186	04Jun1997	1997a	TC	LD	1	49.8	6.2	7.0	5.8	-999.9	-999.9	0.0	0.0	0.0	2.6	-999.9	-999.9	-999.9	-999.9	-999.9
44 8.152	68 27.156	04Jun1997	1997a	TC	LD	2	51.4	14.8	3.2	4.0	-999.9	-999.9	0.8	0.0	0.0	0.8	-999.9	-999.9	-999.9	-999.9	-999.9
44 8.121	68 27.133	04Jun1997	1997a	TC	LD	4	18.8	1.8	24.4	5.8	-999.9	-999.9	0.0	0.2	0.0	8.8	-999.9	-999.9	-999.9	-999.9	-999.9
44 8.133	68 27.145	04Jun1997	1997a	TC	LD	8	31.6	2.6	18.4	0.0	-999.9	-999.9	0.0	0.0	0.0	16.2	-999.9	-999.9	-999.9	-999.9	-999.9
44 9.465	68 27.823	04Jun1997	1997a	TC	LH	0	70.2	9.0	3.2	1.8	-999.9	-999.9	0.0	0.0	0.0	0.0	-999.9	-999.9	-999.9	-999.9	-999.9
44 9.460	68 27.804	04Jun1997	1997a	TC	LH	1	38.4	4.8	6.4	4.2	-999.9	-999.9	0.2	0.0	0.0	0.3	-999.9	-999.9	-999.9	-999.9	-999.9
44 9.463	68 27.772	05Jun1997	1997a	TC	LH	2	123.4	1.6	19.4	0.4	-999.9	-999.9	0.0	0.0	0.0	9.3	-999.9	-999.9	-999.9	-999.9	-999.9
44 9.468	68 27.790	05Jun1997	1997a	TC	LH	4	37.6	0.6	1.6	0.0	-999.9	-999.9	0.0	0.0	0.0	14.7	-999.9	-999.9	-999.9	-999.9	-999.9
44 9.451	68 27.826	05Jun1997	1997a	TC	LH	8	93.2	0.2	13.8	0.8	-999.9	-999.9	0.0	0.0	0.0	13.9	-999.9	-999.9	-999.9	-999.9	-999.9
44 8.629	68 26.663	18Aug1997	1997b	BC	DK	0	17.8	5.8	2.6	0.0	0.0	-999.9	1.6	0.0	0.2	4.9	-999.9	-999.9	-999.9	-999.9	-999.9
44 8.633	68 26.650	18Aug1997	1997b	BC	DK	1	25.6	7.2	0.0	0.0	42.6	-999.9	0.0	0.0	0.6	3.8	-999.9	-999.9	-999.9	-999.9	-999.9
44 8.657	68 26.687	18Aug1997	1997b	BC	DK	2	41.6	3.2	0.0	0.0	2.4	-999.9	0.0	0.0	0.8	2.6	-999.9	-999.9	-999.9	-999.9	-999.9
44 8.651	68 26.665	18Aug1997	1997b	BC	DK	4	99.0	2.6	0.0	0.0	3.0	-999.9	0.4	0.0	0.0	1.0	-999.9	-999.9	-999.9	-999.9	-999.9
44 8.672	68 26.701	18Aug1997	1997b	BC	DK	8	70.6	0.2	0.2	0.0	21.8	-999.9	3.6	0.0	0.0	6.9	-999.9	-999.9	-999.9	-999.9	-999.9
44 8.302	68 25.950	12Aug1997	1997b	BC	LC	0	21.4	8.6	0.4	0.8	0.0	-999.9	3.8	0.0	0.0	1.1	-999.9	-999.9	-999.9	-999.9	-999.9
44 8.288	68 25.917	12Aug1997	1997b	BC	LC	1	11.8	6.4	0.6	0.0	0.6	-999.9	0.0	0.0	0.2	3.2	-999.9	-999.9	-999.9	-999.9	-999.9
44 8.292	68 25.940	12Aug1997	1997b	BC	LC	2	36.8	2.4	1.0	4.6	1.6	-999.9	23.4	0.0	0.1	3.7	-999.9	-999.9	-999.9	-999.9	-999.9
44 8.306	68 25.967	12Aug1997	1997b	BC	LC	4	39.8	3.2	0.8	0.4	3.4	-999.9	1.8	0.0	0.0	3.0	-999.9	-999.9	-999.9	-999.9	-999.9
44 8.276	68 25.896	12Aug1997	1997b	BC	LC	8	20.2	0.8	0.0	0.0	0.4	-999.9	18.6	0.0	0.3	6.9	-999.9	-999.9	-999.9	-999.9	-999.9
44 8.443	68 26.448	12Aug1997	1997b	BC	MP	0	55.2	1.6	1.0	0.4	2.4	-999.9	43.8	0.0	1.0	8.2	-999.9	-999.9	-999.9	-999.9	-999.9
44 8.450	68 26.503	12Aug1997	1997b	BC	MP	1	97.2	2.2	1.8	4.6	0.0	-999.9	74.4	0.0	0.1	7.7	-999.9	-999.9	-999.9	-999.9	-999.9
44 8.452	68 26.481	12Aug1997	1997b	BC	MP	2	54.4	0.0	0.0	0.6	0.2	-999.9	6.8	0.0	1.6	7.1	-999.9	-999.9	-999.9	-999.9	-999.9
44 8.433	68 26.427	12Aug1997	1997b	BC	MP	4	70.6	0.0	0.0	0.0	0.0	-999.9	38.0	0.0	0.0	12.4	-999.9	-999.9	-999.9	-999.9	-999.9
44 8.449	68 26.456	12Aug1997	1997b	BC	MP	8	37.8	0.0	0.2	0.0	0.4	-999.9	3.0	0.0	0.3	3.2	-999.9	-999.9	-999.9	-999.9	-999.9
44 10.487	68 26.890	15Aug1997	1997b	MC	BO	0	52.2	1.4	1.0	0.0	0.0	-999.9	0.0	0.0	0.0	0.4	-999.9	-999.9	-999.9	-999.9	-999.9
44 10.456	68 26.911	15Aug1997	1997b	MC	BO	1	35.6	0.0	0.2	0.0	0.0	-999.9	0.0	0.0	0.0	4.9	-999.9	-999.9	-999.9	-999.9	-999.9
44 10.510	68 26.873	18Aug1997	1997b	MC	BO	2	33.6	0.8	0.2	0.0	0.0	-999.9	0.0	0.0	0.0	1.8	-999.9	-999.9	-999.9	-999.9	-999.9
44 10.469	68 26.897	18Aug1997	1997b	MC	BO	4	46.4	0.0	0.0	0.0	1.4	-999.9	0.0	0.0	1.3	6.5	-999.9	-999.9	-999.9	-999.9	-999.9
44 10.500	68 26.884	15Aug1997	1997b	MC	BO	8	30.6	0.0	0.2	0.0	0.4	-999.9	0.0	0.0	0.0	6.5	-999.9	-999.9	-999.9	-999.9	-999.9
44 10.462	68 25.380	11Aug1997	1997b	MC	BS	0	29.2	9.8	3.6	0.4	0.0	-999.9	0.2	0.0	0.0	0.0	-999.9	-999.9	-999.9	-999.9	-999.9
44 10.475	68 25.379	11Aug1997	1997b	MC	BS	1	24.8	0.4	0.2	0.0	0.2	-999.9	0.0	0.0	0.0	3.7	-999.9	-999.9	-999.9	-999.9	-999.9
44 10.484	68 25.372	11Aug1997	1997b	MC	BS	2	26.8	1.0	1.8	0.0	0.4	-999.9	0.0	0.0	0.0	0.4	-999.9	-999.9	-999.9	-999.9	-999.9
44 10.509	68 25.358	11Aug1997	1997b	MC	BS	4	25.2	5.4	2.4	0.0	0.0	-999.9	0.0	0.0	0.0	8.2	-999.9	-999.9	-999.9	-999.9	-999.9
44 10.497	68 25.366	11Aug1997	1997b	MC	BS	8	15.8	0.0	0.0	0.2	2.4	-999.9	0.0	0.0	0.0	12.8	-999.9	-999.9	-999.9	-999.9	-999.9
44 9.885	68 27.212	18Aug1997	1997b	MC	GR	0	14.6	0.8	0.6	0.0	0.0	-999.9	0.0	0.0	0.0	0.0	-999.9	-999.9	-999.9	-999.9	-999.9
44 9.855	68 27.207	18Aug1997	1997b	MC	GR	1	19.2	1.6	0.4	0.0	0.0	-999.9	0.0	0.0	0.0	0.0	-999.9	-999.9	-999.9	-999.9	-999.9
44 9.877	68 27.203	18Aug1997	1997b	MC	GR	2	39.0	0.8	0.2	0.0	0.0	-999.9	0.0	0.0	0.0	0.3	-999.9	-999.9	-999.9	-999.9	-999.9
44 9.866	68 27.207	18Aug1997	1997b	MC	GR	4	33.0	0.0	0.0	0.0	0.0	-999.9	0.0	0.0	0.0	1.2	-999.9	-999.9	-999.9	-999.9	-999.9
44 9.839	68 27.221	18Aug1997	1997b	MC	GR	8	32.0	0.0	0.2	0.0	0.0	-999.9	0.0	0.0	0.0	0.2	-999.9	-999.9	-999.9	-999.9	-999.9
44 10.338	68 28.328	10Aug1997	1997b	SC	HN	0	27.2	6.8	1.0	0.8	0.0	-999.9	0.0	0.0	0.0	0.0	-999.9	-999.9	-999.9	-999.9	-999.9
44 10.361	68 28.309	10Aug1997	1997b	SC	HN	1	43.4	1.0	0.6	0.0	0.0	-999.9	0.0	0.0	0.0	0.0	-999.9	-999.9	-999.9	-999.9	-999.9
44 10.354	68 28.316	10Aug1997	1997b	SC	HN	2	85.6	1.2	0.6	0.6	0.4	-999.9	0.0	0.0	0.0	0.5	-999.9	-999.9	-999.9	-999.9	-999.9
44 10.377	68 28.281	10Aug1997	1997b	SC	HN	4	50.6	0.2	9.0	0.0	0.6	-999.9	0.0	0.0	0.0	7.9	-999.9	-999.9	-999.9	-999.9	-999.9
44 10.326	68 28.314	10Aug1997	1997b	SC	HN	8	80.0	0.4	6.6	0.0	35.0	-999.9	0.0	0.0	0.0	7.9	-999.9	-999.9	-999.9	-999.9	-999.9
44 9.923	68 28.626	10Aug1997	1997b	SC	MD	0	18.6	2.4	0.2	0.0	0.0	-999.9	0.0	0.0	0.0	0.0	-999.9	-999.9	-999.9	-999.9	-999.9
44 9.931	68 28.642	10Aug1997	1997b	SC	MD	1	34.0	0.2	0.4	0.4	0.2	-999.9	0.0	0.0	0.0	0.0	-999.9	-999.9	-999.9	-999.9	-999.9
44 9.909	68 28.635	10Aug1997	1997b	SC	MD	2	36.6	0.2	2.0	0.4	0.0	-999.9	0.0	0.0	0.0	0.4	-999.9	-999.9	-999.9	-999.9	-999.9
44 9.946	68 28.596	10Aug1997	1997b	SC	MD	4	70.0	0.0	28.0	0.0	8.2	-999.9	0.0	0.0	0.0	3.2	-999.9	-999.9	-999.9	-999.9	-999.9
44 9.945	68 28.626	10Aug1997	1997b	SC	MD	8	24.2	0.0	6.0	0.0	2.0	-999.9	0.0	0.0	0.0	1.9	-999.9	-999.9	-999.9	-999.9	-999.9
44 9.614	68 28.834	16Aug1997	1997b	SC	PL	0	6.0	5.8	0.4	0.2	0.0	-999.9	0.0	0.0	0.0	0.0	-999.9	-999.9	-999.9	-999.9	-999.9
44 9.606	68 28.858	16Aug1997	1997b	SC	PL	1	11.6	17.4	0.4	0.2	0.0	-999.9	0.0	0.0	0.0	0.0	-999.9	-999.9	-999.9	-999.9	-999.9
44 9.615	68 28.802	16Aug1997	1997b	SC	PL	2	18.0	1.6	0.4	0.2	0.2	-999.9	0.0	0.0	0.0	0.0	-999.9	-999.9	-999.9	-999.9	-999.9
44 9.615	68 28.816	16Aug1997	1997b	SC	PL	4	17.6	0.4	0.4	0.0	0.0	-999.9	0.0	0.0	0.0	1.0	-999.9	-999.9	-999.9	-999.9	-999.9
44 9.613	68 28.849	16Aug1997	1997b	SC	PL	8	23.6	0.0	0.0	0.0	6.6	-999.9	0.0	0.0	0.0	1.8	-999.9	-999.9	-999.9	-999.9	-999.9
44 9.314	68 28.117	13Aug1997	1997b	TC	JL	0	14.0	14.0	3.6	0.2	1.2	-999.9	0.0	0.6	0.0	24.7	-999.9	-999.9	-999.9	-999.9	-999.9
44 9.318	68 28.167	13Aug1997	1997b	TC	JL	1	9.8	8.8	1.2	0.0	22.4	-999.9	0.0	0.0	0.0	14.9	-999.9	-999.9	-999.9	-999.9	-999.9
44 9.309	68 28.157	13Aug1997	1997b	TC	JL	2	127.8	1.0	0.4	0.2	4.0	-999.9	0.0	1.4	0.0	0.2	-999.9	-999.9	-999.9	-999.9	-999.9
44 9.312	68 28.98	13Aug1997	1997b	TC	JL	4	14.2	14.2	0.2	0.0	31.8	-999.9	0.0	0.0	0.2	7.0	-999.9	-999.9	-999.9	-999.9	-999.9
44 9.312	68 28.141	13Aug1997	1997b	TC	JL	8	31.2	31.2	4.6	0.0	12.4	-999.9	0.0	0.0	0.0	17.2	-999.9	-999.9	-999.9	-999.9	-999.9
44 8.164	68 27.194	14Aug1997	1997b	TC	LD	0	47.6	9.8	0.6	3.2	1.2	-999.9	0.0	2.6	0.0	0.0	-999.9	-999.9	-999.9	-999.9	-999.9
44 8.165	68 27.186	14Aug1997	1997b	TC	LD	1	32.8	4.2	1.0	3.8	6.4	-999.9	0.0	1.2	0.0	0.6	-999.9	-999.9	-999.9	-999.9	-999.9
44 8.152	68 27.156	14Aug1997	1997b	TC	LD	2	47.8	5.6	2.8	3.0	0.4	-999.9	0.0	0.2	0.0	0.4	-999.9	-999.9	-999.9	-999.9	-999.9
44 8.121	68 27.133	14Aug1997	1997b	TC	LD	4	18.4	4.2	3.0	0.8	17.2	-999.9	0.0	0.4	0.0	0.0	-999.9	-999.9	-999.9	-999.9	-999.9
44 8.133	68 27.145	14Aug1997	1997b	TC	LD	8	46.2	2.0	7.4	0.0	4.6	-999.9	0.0	0.0	0.0	2.8	-999.9	-999.9	-999.9	-999.9	-999.9
44 9.465	68 27.823	13Aug1997	1997b	TC	LH	0	56.6	7.4	4.6	0.8	0.0	-999.9	0.0	0.0	0.0	0.0	-999.9	-999.9	-999.9	-999.9	-999.9
44 9.460	68 27.804	13Aug1997	1997b	TC	LH	1	106.4	12.4	2.0	1.2	1.0	-999.9	0.0	1.0	0.0	0.0	-999.9	-999.9	-999.9	-999.9	-999.9
44 9.463	68 27.772	17Aug1997	1997b	TC	LH	2	56.6	1.4	8.6	0.0	1.8	-999.9	0.0	0.0	0.0	4.9	-999.9	-999.9	-999.9	-999.9	-999.9
44 9.468	68 27.790	17Aug1997	1997b	TC	LH	4	21.8	2.8	0.2	0.0	13.6	-999.9	0.0	0.0	0.0	14.5	-999.9	-999.9	-999.9	-999.9	-999.9
44 9.451	68 27.826	17Aug1997	1997b	TC	LH	8	119.8	0.0	24.0	0.4	3.4	-999.9	0.0	0.0	0.0	9.7	-999.9	-999.9	-999.9	-999.9	-999.9
44 8.629	68 26.663	19Jun1998	1998a	BC	DK	0	8.8	21.6	2.2	0.0	0.0	0.0	0.2	0.0	3.1	0.6	78.4	0.0	100.0	0.0	21.6
44 8.633	68 26.650	19Jun1998	1998a	BC	DK	1	35.0	17.4	0.2	0.0	56.8	0.6	0.6	0.0	2.9	0.8	57.6	30.4	0.0	0.0	12.0
44 8.657	68 26.687	19Jun1998	1998a	BC	DK	2	32.2	2.6	0.2	0.4	3.4	0.0	0.2	0.0	2.4	1.1	97.6	0.0	0.0	0.0	2.4
44 8.651	68 26.665	19Jun1998	1998a	BC	DK	4	122.6	4.8	0.4	0.2	4.8	0.0	0.4	0.0	0.3	1.0	20.0	0.8	0.0	0.0	79.2
44 8.672	68 26.701	19Jun1998	1998a	BC	DK	8	89.0	0.0	0.4	0.0	67.4	1.0	3.4	0.0	1.8	10.9	84.8	12.0	0.0	0.8	2.4
44 8.302	68 25.950	16Jun1998	1998a	BC	LC	0	24.6	12.2	2.0	2.0	0.0	0.0	48.0	0.0	0.1	1.4	10.4	0.0	100.0	24.0	65.6
44 8.288	68 25.917	15Jun1998	1998a	BC	LC	1	6.6	9.2	0.8	0.4	0.0	0.0	0.0	0.0	0.9	7.7	42.4	0.0	0.0	0.0	57.6
44 8.292	68 25.940	20Jun1998	1998a	BC	LC	2	53.4	2.0	1.0	7.4	3.0	0.0	17.8	0.0	0.8	9.3	71.2	6.4	0.0	10.4	12.0
44 8.306	68 25.967	15Jun1998	1998a	BC	LC	4	87.4	2.2	1.2	1.6	6.8	1.4	0.4	0.0	1.4	6.5	63.2	13.6	0.0	0.0	23.2
44 8.276	68 25.896	15Jun1998	1998a	BC	LC	8	67.4	0.6	0.0	0.0	3.4	1.2	12.4	0.0	0.4	8.8	30.4	0.8	0.0	0.0	68.8
44 8.443	68 26.448	16Jun1998	1998a	BC	MP	0	66.8	1.4	2.2	2.6	2.0	0.0	55.0	0.0	1.5	8.0	39.2	3.2	100.0	30.4	27.2
44 8.450	68 26.503	16Jun1998	1998a	BC	MP	1	105.4	1.4	4.8	8.4	0.0	0.0	67.2	0.0	0.3	3.8	39.2	3.2	0.0	30.4	27.2
44 8.452	68 26.481	16Jun1998	1998a	BC	MP	2	51.6	0.2	0.2	0.6	5.0	0.2	4.4	0.0	3.2	13.9	68.8	0.8	0.0	0.8	29.6
44 8.433	68 26.427	16Jun1998	1998a	BC	MP	4	89.0	0.8	1.0	0.2	4.0	0.2	63.4	0.0	2.9	15.4	72.0	0.0	0.0	22.4	5.6
44 8.449	68 26.456	16Jun1998	1998a	BC	MP	8	150.0	0.6	1.0	0.2	4.0	1.2	0.2	0.0	2.4	13.4	52.0	0.8	0.0	0.0	47.2
44 10.487	68 26.890	12Jun1998	1998a	MC	BO	0	34.6	11.6	2.0	1.0	0.0	0.8	1.2	0.0	0.0	3.7	13.6	0.0	100.0	0.0	86.4
44 10.456	68 26.911	20Jun1998	1998a	MC	BO	1	28.6	0.0	1.8	0.4	0.0	0.0	0.0	0.0	0.0	7.4	34.4	0.0	0.0	0.0	65.6
44 10.510	68 26.873	11Jun1998	1998a	MC	BO	2	24.2	1.4	0.6	3.2	0.0	0.0	0.0	0.0	0.3	6.8	79.2	0.0	0.0	0.0	20.8
44 10.469	68 26.897	12Jun1998	1998a	MC	BO	4	151.8	0.0	0.2	0.0	2.8	0.0	13.8	0.0	2.8	15.6	93.6	0.0	0.0	2.4	4.0
44 10.500	68 26.884	11Jun1998	1998a	MC	BO	8	96.0	0.0	1.8	0.0	6.6	0.6	0.0	0.0	3.8	14.3	100.0	0.0	1.6	0.0	0.0
44 10.462	68 25.380	14Jun1998	1998a	MC	BS	0	42.4	1.4	0.2	1.8	0.0	0.0	0.0	0.0	0.0	0.0	0.0	0.0	100.0	0.0	100.0
44 10.475	68 25.379	14Jun1998	1998a	MC	BS	1	46.0	0.0	0.6	1.0	1.0	2.6	0.0	0.0	0.0	1.2	1.6	0.0	0.0	0.0	98.4
44 10.484	68 25.372	14Jun1998	1998a	MC	BS	2	18.4	0.0	0.0	0.2	0.0	0.0	0.0	0.0	0.0	0.5	0.0	0.0	0.0	0.0	100.0
44 10.509	68 25.358	14Jun1998	1998a	MC	BS	4	79.8	0.2	2.0	0.2	0.4	0.8	0.0	0.0	0.7	14.5	52.0	0.0	0.0	0.0	48.0
44 10.497	68 25.366	14Jun1998	1998a	MC	BS	8	97.4	0.0	0.8	0.4	0.6	1.8	0.2	0.0	3.4	14.4	82.4	0.0	0.0	0.0	17.6
44 9.885	68 27.212	13Jun1998	1998a	MC	GR	0	18.8	3.8	0.2	0.4	0.0	0.0	0.0	0.0	0.0	0.0	0.0	0.0	100.0	0.0	100.0
44 9.855	68 27.207	13Jun1998	1998a	MC	GR	1	47.4	0.2	0.4	0.0	0.0	0.0	0.0	0.0	0.0	0.0	0.0	0.0	0.0	0.0	100.0
44 9.877	68 27.203	13Jun1998	1998a	MC	GR	2	14.6	0.4	0.2	0.0	0.0	0.0	0.0	0.0	0.0	0.0	0.0	0.0	0.0	0.0	100.0
44 9.866	68 27.207	13Jun1998	1998a	MC	GR	4	25.8	0.4	0.4	0.0	3.8	0.2	0.0	0.0	0.0	0.1	0.0	0.0	0.0	0.0	100.0
44 9.839	68 27.221	13Jun1998	1998a	MC	GR	8	39.4	0.2	0.2	0.0	0.0	0.2	0.0	0.0	0.1	0.4	0.0	0.0	0.0	0.0	100.0
44 10.338	68 28.328	15Jun1998	1998a	SC	HN	0	53.2	2.2	1.6	10.4	0.0	0.0	322.4	0.0	0.0	0.0	0.0	0.0	100.0	0.0	100.0
44 10.361	68 28.309	15Jun1998	1998a	SC	HN	1	58.0	0.0	1.4	9.0	0.0	0.0	10.6	0.0	0.0	0.0	0.0	0.0	0.0	0.0	100.0
44 10.354	68 28.316	15Jun1998	1998a	SC	HN	2	46.8	0.0	0.6	8.6	0.0	0.0	2.4	0.0	0.0	0.0	0.0	0.0	0.0	0.0	100.0
44 10.377	68 28.281	15Jun1998	1998a	SC	HN	4	139.4	1.6	11.8	0.2	11.6	2.4	0.2	0.0	0.4	0.1	0.0	0.0	0.0	0.0	100.0
44 10.326	68 28.314	15Jun1998	1998a	SC	HN	8	122.2	0.6	1.4	0.6	80.4	1.6	72.8	0.0	1.5	11.3	71.2	10.4	0.0	0.0	18.4
44 9.923	68 28.626	13Jun1998	1998a	SC	MD	0	30.2	11.2	2.0	2.2	0.0	0.0	0.0	0.0	0.0	0.0	0.0	0.0	100.0	0.0	100.0
44 9.931	68 28.642	13Jun1998	1998a	SC	MD	1	34.8	6.2	1.2	4.8	0.0	0.0	67.4	0.0	0.0	0.0	0.0	0.0	0.0	0.0	100.0
44 9.909	68 28.635	13Jun1998	1998a	SC	MD	2	9.8	1.6	0.0	2.2	0.0	0.4	0.0	0.0	0.0	0.0	0.0	0.0	0.0	0.0	100.0
44 9.946	68 28.596	13Jun1998	1998a	SC	MD	4	87.6	1.0	2.2	0.0	17.8	13.6	0.0	0.0	0.0	0.0	0.0	0.8	0.0	0.0	99.2
44 9.945	68 28.626	13Jun1998	1998a	SC	MD	8	186.4	0.0	2.4	0.8	14.8	7.2	1393.6	0.0	0.0	0.0	0.0	0.0	0.0	28.0	72.0
44 9.614	68 28.834	17Jun1998	1998a	SC	PL	0	22.8	5.6	0.4	1.0	0.0	0.0	0.0	0.0	0.0	0.0	0.0	0.0	100.0	0.0	100.0
44 9.606	68 28.858	17Jun1998	1998a	SC	PL	1	15.4	3.4	0.2	0.8	0.0	0.0	0.0	0.0	0.0	0.0	0.0	0.0	0.0	0.0	100.0
44 9.615	68 28.802	17Jun1998	1998a	SC	PL	2	23.0	2.0	0.4	2.4	0.8	0.6	0.4	0.0	0.0	0.0	0.0	0.0	0.0	0.0	100.0
44 9.615	68 28.816	17Jun1998	1998a	SC	PL	4	27.4	0.8	0.4	0.0	0.0	0.2	0.0	0.0	0.0	0.1	0.0	0.0	0.0	0.0	100.0
44 9.613	68 28.849	17Jun1998	1998a	SC	PL	8	88.6	0.6	2.8	0.0	21.4	9.6	0.0	0.0	0.3	0.1	39.2	0.0	0.0	0.0	60.8
44 9.314	68 28.117	18Jun1998	1998a	TC	JL	0	3.6	34.0	11.6	0.2	2.2	0.0	9.8	0.0	4.0	13.7	60.0	1.6	100.0	0.0	38.4
44 9.318	68 28.167	18Jun1998	1998a	TC	JL	1	4.6	118.6	2.8	0.8	128.0	0.4	0.4	0.0	1.7	2.7	12.0	69.6	0.0	0.0	18.4
44 9.309	68 28.157	18Jun1998	1998a	TC	JL	2	98.6	4.6	1.6	3.6	3.0	0.0	0.0	3.0	0.0	0.0	0.8	13.6	0.0	0.0	85.6
44 9.312	68 28.98	17Jun1998	1998a	TC	JL	4	69.6	76.6	6.8	0.0	281.4	0.4	1.0	0.0	3.3	16.8	56.8	38.4	0.0	0.0	4.8
44 9.312	68 28.141	18Jun1998	1998a	TC	JL	8	356.0	9.2	6.2	0.0	779.0	0.0	25.0	0.0	2.2	28.4	73.6	26.4	0.0	0.0	0.0
44 8.164	68 27.194	12Jun1998	1998a	TC	LD	0	36.6	20.2	1.8	1.2	0.0	0.4	0.8	17.0	0.0	0.0	0.0	0.0	100.0	0.0	100.0
44 8.165	68 27.186	12Jun1998	1998a	TC	LD	1	33.8	18.6	1.0	15.2	10.8	0.8	0.0	5.0	0.0	0.0	0.0	33.6	0.0	0.0	66.4
44 8.152	68 27.156	12Jun1998	1998a	TC	LD	2	64.2	9.8	2.4	6.6	4.0	1.0	0.2	0.0	0.0	0.5	0.0	1.6	0.0	0.0	98.4
44 8.121	68 27.133	11Jun1998	1998a	TC	LD	4	20.0	21.0	1.0	2.0	30.6	3.2	0.0	0.0	0.0	0.1	0.0	75.2	0.0	0.0	24.8
44 8.133	68 27.145	11Jun1998	1998a	TC	LD	8	69.8	15.4	1.2	1.4	13.6	0.8	0.2	2.0	0.0	0.4	0.0	15.2	0.0	0.0	84.8
44 9.465	68 27.823	19Jun1998	1998a	TC	LH	0	79.6	11.0	3.0	0.6	0.0	0.4	0.0	0.0	0.0	0.8	0.0	0.0	100.0	0.0	100.0
44 9.460	68 27.804	19Jun1998	1998a	TC	LH	1	48.0	9.6	0.8	7.8	2.4	0.0	0.0	3.0	0.0	0.0	0.0	0.0	0.0	0.0	100.0
44 9.463	68 27.772	19Jun1998	1998a	TC	LH	2	53.2	7.2	4.2	1.8	12.6	1.0	4.4	0.0	0.3	0.0	0.0	6.4	0.0	0.0	93.6
44 9.468	68 27.790	19Jun1998	1998a	TC	LH	4	151.6	4.8	3.6	0.0	21.0	0.8	0.0	0.0	3.8	11.6	92.8	5.6	0.0	0.0	1.6
44 9.451	68 27.826	19Jun1998	1998a	TC	LH	8	67.2	5.4	4.0	0.4	27.0	0.8	0.0	0.0	0.3	0.2	0.0	36.0	0.0	0.0	64.0
44 8.629	68 26.663	09Aug1998	1998b	BC	DK	0	11.0	4.4	4.2	0.2	1.0	0.0	4.0	0.0	0.4	0.9	-999.9	2.8	-999.9	-999.9	-999.9
44 8.633	68 26.650	09Aug1998	1998b	BC	DK	1	28.6	2.6	1.8	0.0	29.6	0.0	0.0	0.0	0.5	1.2	-999.9	45.6	-999.9	-999.9	-999.9
44 8.657	68 26.687	09Aug1998	1998b	BC	DK	2	38.2	2.2	0.2	0.0	1.6	0.0	0.4	0.0	2.4	1.0	-999.9	1.1	-999.9	-999.9	-999.9
44 8.651	68 26.665	09Aug1998	1998b	BC	DK	4	110.2	2.0	0.0	0.0	20.2	2.0	0.2	0.0	0.8	1.0	-999.9	5.6	-999.9	-999.9	-999.9
44 8.672	68 26.701	09Aug1998	1998b	BC	DK	8	62.2	0.4	0.0	0.0	67.2	1.8	4.6	0.0	1.3	6.0	-999.9	29.4	-999.9	-999.9	-999.9
44 8.302	68 25.950	09Aug1998	1998b	BC	LC	0	21.8	5.0	0.8	1.2	0.2	0.0	7.2	0.0	0.4	2.5	-999.9	0.6	-999.9	-999.9	-999.9
44 8.288	68 25.917	09Aug1998	1998b	BC	LC	1	16.2	5.4	0.4	0.2	0.2	0.0	0.0	0.0	1.7	5.0	-999.9	0.0	-999.9	-999.9	-999.9
44 8.292	68 25.940	09Aug1998	1998b	BC	LC	2	51.4	4.0	2.8	0.8	8.0	0.2	6.4	0.0	0.9	3.8	-999.9	18.3	-999.9	-999.9	-999.9
44 8.306	68 25.967	09Aug1998	1998b	BC	LC	4	112.2	0.8	1.0	0.4	9.8	2.2	0.6	0.0	0.9	9.2	-999.9	32.2	-999.9	-999.9	-999.9
44 8.276	68 25.896	09Aug1998	1998b	BC	LC	8	233.4	0.6	0.0	0.0	5.6	1.8	11.4	0.0	1.3	4.4	-999.9	4.4	-999.9	-999.9	-999.9
44 8.443	68 26.448	08Aug1998	1998b	BC	MP	0	41.0	1.0	1.0	0.2	3.2	0.0	25.4	0.0	0.8	4.7	-999.9	13.9	-999.9	-999.9	-999.9
44 8.450	68 26.503	08Aug1998	1998b	BC	MP	1	89.0	1.0	1.6	1.8	0.0	0.0	56.2	0.0	0.5	3.1	-999.9	0.0	-999.9	-999.9	-999.9
44 8.452	68 26.481	08Aug1998	1998b	BC	MP	2	63.2	0.2	1.6	0.0	4.4	0.8	8.2	0.0	1.3	8.9	-999.9	2.2	-999.9	-999.9	-999.9
44 8.433	68 26.427	08Aug1998	1998b	BC	MP	4	94.6	0.0	0.2	0.0	2.6	0.2	33.6	0.0	1.4	10.3	-999.9	0.6	-999.9	-999.9	-999.9
44 8.449	68 26.456	08Aug1998	1998b	BC	MP	8	102.6	0.0	0.2	0.0	17.4	2.0	1.2	0.0	1.9	6.1	-999.9	7.2	-999.9	-999.9	-999.9
44 10.487	68 26.890	15Aug1998	1998b	MC	BO	0	26.4	0.4	0.2	0.0	0.0	0.0	0.4	0.0	0.4	0.3	-999.9	0.0	-999.9	-999.9	-999.9
44 10.456	68 26.911	15Aug1998	1998b	MC	BO	1	17.6	0.0	0.2	0.0	0.0	0.0	0.0	0.0	0.0	1.7	-999.9	0.0	-999.9	-999.9	-999.9
44 10.510	68 26.873	14Aug1998	1998b	MC	BO	2	20.6	0.0	0.2	0.2	0.0	0.0	0.0	0.0	0.3	1.7	-999.9	0.0	-999.9	-999.9	-999.9
44 10.469	68 26.897	15Aug1998	1998b	MC	BO	4	184.0	0.0	0.0	0.0	15.2	0.2	11.4	0.0	1.6	2.8	-999.9	0.0	-999.9	-999.9	-999.9
44 10.500	68 26.884	14Aug1998	1998b	MC	BO	8	35.2	0.0	0.2	0.0	0.0	0.0	0.0	0.0	1.2	1.2	-999.9	0.0	-999.9	-999.9	-999.9
44 10.462	68 25.380	10Aug1998	1998b	MC	BS	0	19.2	2.6	0.6	0.4	0.0	0.0	0.0	0.0	0.0	0.0	-999.9	0.0	-999.9	-999.9	-999.9
44 10.475	68 25.379	10Aug1998	1998b	MC	BS	1	11.2	0.8	0.4	0.8	0.4	0.0	0.0	0.0	0.8	1.1	-999.9	0.0	-999.9	-999.9	-999.9
44 10.484	68 25.372	10Aug1998	1998b	MC	BS	2	9.0	0.2	0.0	0.2	0.0	0.0	0.0	0.0	0.0	0.0	-999.9	0.0	-999.9	-999.9	-999.9
44 10.509	68 25.358	10Aug1998	1998b	MC	BS	4	72.6	1.6	3.8	0.0	1.0	0.0	0.0	0.0	0.8	8.3	-999.9	0.0	-999.9	-999.9	-999.9
44 10.497	68 25.366	10Aug1998	1998b	MC	BS	8	57.4	0.8	2.2	0.2	1.8	0.8	0.0	0.0	2.4	3.2	-999.9	0.0	-999.9	-999.9	-999.9
44 9.885	68 27.212	09Aug1998	1998b	MC	GR	0	5.2	5.2	0.2	0.0	0.0	0.0	0.0	0.0	0.0	0.0	-999.9	0.0	-999.9	-999.9	-999.9
44 9.855	68 27.207	09Aug1998	1998b	MC	GR	1	3.4	0.6	0.0	0.0	0.0	0.0	0.0	0.0	0.0	0.0	-999.9	0.0	-999.9	-999.9	-999.9
44 9.877	68 27.203	09Aug1998	1998b	MC	GR	2	23.0	0.2	0.2	0.0	0.0	0.0	0.0	0.0	0.0	0.0	-999.9	0.0	-999.9	-999.9	-999.9
44 9.866	68 27.207	09Aug1998	1998b	MC	GR	4	13.2	0.0	0.2	0.0	0.0	0.0	0.0	0.0	0.0	0.4	-999.9	0.0	-999.9	-999.9	-999.9
44 9.839	68 27.221	09Aug1998	1998b	MC	GR	8	21.8	0.0	0.2	0.0	0.8	0.0	0.0	0.0	0.0	0.0	-999.9	0.6	-999.9	-999.9	-999.9
44 10.338	68 28.328	09Aug1998	1998b	SC	HN	0	82.0	1.0	2.2	2.0	0.0	0.0	0.6	0.0	0.0	0.0	-999.9	0.6	-999.9	-999.9	-999.9
44 10.361	68 28.309	09Aug1998	1998b	SC	HN	1	52.0	0.0	0.0	2.0	0.0	0.0	0.0	0.0	0.0	0.0	-999.9	0.0	-999.9	-999.9	-999.9
44 10.354	68 28.316	09Aug1998	1998b	SC	HN	2	76.0	0.0	0.0	0.4	0.0	0.0	0.0	0.0	0.0	0.0	-999.9	0.0	-999.9	-999.9	-999.9
44 10.377	68 28.281	09Aug1998	1998b	SC	HN	4	49.8	0.4	0.8	0.0	1.6	0.8	0.0	0.0	0.0	0.1	-999.9	1.1	-999.9	-999.9	-999.9
44 10.326	68 28.314	09Aug1998	1998b	SC	HN	8	64.4	3.0	7.2	0.0	56.4	0.8	0.4	0.0	2.0	3.5	-999.9	16.7	-999.9	-999.9	-999.9
44 9.923	68 28.626	16Aug1998	1998b	SC	MD	0	20.4	10.2	1.4	0.2	0.0	0.0	0.0	0.0	0.0	0.0	-999.9	0.0	-999.9	-999.9	-999.9
44 9.931	68 28.642	16Aug1998	1998b	SC	MD	1	72.0	0.8	1.6	0.2	0.0	0.0	5.0	0.0	0.0	0.0	-999.9	0.0	-999.9	-999.9	-999.9
44 9.909	68 28.635	16Aug1998	1998b	SC	MD	2	29.6	2.2	0.0	0.2	0.0	0.0	0.0	0.0	0.0	0.0	-999.9	0.0	-999.9	-999.9	-999.9
44 9.946	68 28.596	16Aug1998	1998b	SC	MD	4	35.0	0.0	1.4	0.0	15.2	16.0	0.0	0.0	0.0	0.0	-999.9	2.2	-999.9	-999.9	-999.9
44 9.945	68 28.626	16Aug1998	1998b	SC	MD	8	44.2	0.2	0.6	0.2	10.8	3.0	914.8	0.0	0.0	0.1	-999.9	0.0	-999.9	-999.9	-999.9
44 9.614	68 28.834	11Aug1998	1998b	SC	PL	0	9.8	8.2	0.2	0.4	0.0	0.0	0.0	0.0	0.0	0.0	-999.9	0.0	-999.9	-999.9	-999.9
44 9.606	68 28.858	11Aug1998	1998b	SC	PL	1	20.4	3.6	0.0	0.2	0.0	0.0	0.0	0.0	0.0	0.0	-999.9	0.0	-999.9	-999.9	-999.9
44 9.615	68 28.802	11Aug1998	1998b	SC	PL	2	11.8	1.0	0.0	0.0	0.0	0.0	0.0	0.0	0.0	0.0	-999.9	0.0	-999.9	-999.9	-999.9
44 9.615	68 28.816	11Aug1998	1998b	SC	PL	4	14.6	0.8	0.0	0.2	0.0	0.0	0.0	0.0	0.0	0.0	-999.9	0.0	-999.9	-999.9	-999.9
44 9.613	68 28.849	11Aug1998	1998b	SC	PL	8	26.6	26.6	0.8	0.0	25.0	2.6	0.0	0.0	0.0	0.1	-999.9	0.0	-999.9	-999.9	-999.9
44 9.314	68 28.117	15Aug1998	1998b	TC	JL	0	6.4	10.4	15.2	0.2	2.2	0.0	0.0	5.4	1.0	12.7	-999.9	2.8	-999.9	-999.9	-999.9
44 9.318	68 28.167	14Aug1998	1998b	TC	JL	1	16.2	23.2	0.8	1.8	34.6	0.0	0.0	0.0	0.0	2.4	-999.9	85.6	-999.9	-999.9	-999.9
44 9.309	68 28.157	14Aug1998	1998b	TC	JL	2	34.8	8.0	0.6	0.2	11.8	0.0	0.0	0.4	0.2	0.1	-999.9	48.3	-999.9	-999.9	-999.9
44 9.312	68 28.98	15Aug1998	1998b	TC	JL	4	8.6	19.6	0.6	0.2	344.8	0.4	0.0	0.0	1.6	10.0	-999.9	57.8	-999.9	-999.9	-999.9
44 9.312	68 28.141	14Aug1998	1998b	TC	JL	8	28.0	8.6	28.0	0.0	360.2	0.2	0.0	0.0	0.9	9.0	-999.9	63.9	-999.9	-999.9	-999.9
44 8.164	68 27.194	08Aug1998	1998b	TC	LD	0	22.2	7.6	0.6	1.8	0.0	0.0	0.2	7.2	0.0	0.0	-999.9	0.0	-999.9	-999.9	-999.9
44 8.165	68 27.186	08Aug1998	1998b	TC	LD	1	30.2	11.2	0.4	5.6	8.2	0.4	0.0	0.0	0.0	0.0	-999.9	42.8	-999.9	-999.9	-999.9
44 8.152	68 27.156	08Aug1998	1998b	TC	LD	2	56.0	1.2	1.6	4.0	3.0	0.4	0.0	0.6	0.0	1.0	-999.9	3.3	-999.9	-999.9	-999.9
44 8.121	68 27.133	08Aug1998	1998b	TC	LD	4	20.6	17.2	0.8	2.0	25.8	1.0	0.0	0.0	0.0	0.0	-999.9	92.2	-999.9	-999.9	-999.9
44 8.133	68 27.145	08Aug1998	1998b	TC	LD	8	45.0	1.6	1.2	0.4	9.2	1.0	0.0	0.0	0.0	0.0	-999.9	10.6	-999.9	-999.9	-999.9
44 9.465	68 27.823	17Aug1998	1998b	TC	LH	0	60.0	3.6	0.2	0.6	0.6	0.0	0.0	0.0	0.0	0.1	-999.9	0.0	-999.9	-999.9	-999.9
44 9.460	68 27.804	17Aug1998	1998b	TC	LH	1	75.4	9.4	1.0	0.8	1.8	1.4	0.0	1.0	0.0	0.0	-999.9	0.6	-999.9	-999.9	-999.9
44 9.463	68 27.772	17Aug1998	1998b	TC	LH	2	37.2	5.2	2.0	3.0	16.0	2.4	0.0	0.0	0.0	0.0	-999.9	17.8	-999.9	-999.9	-999.9
44 9.468	68 27.790	17Aug1998	1998b	TC	LH	4	182.2	5.2	1.4	0.0	38.0	3.2	0.6	0.0	3.6	6.8	-999.9	28.9	-999.9	-999.9	-999.9
44 9.451	68 27.826	17Aug1998	1998b	TC	LH	8	63.4	2.8	4.2	0.0	19.4	1.8	0.0	0.0	0.0	0.0	-999.9	43.9	-999.9	-999.9	-999.9
44 8.629	68 26.663	11Jul1999	1999b	BC	DK	0	14.4	2.2	3.8	0.0	0.0	0.0	0.2	0.0	0.7	1.0	-999.9	0.0	-999.9	-999.9	-999.9
44 8.633	68 26.650	11Jul1999	1999b	BC	DK	1	28.8	7.8	2.4	0.0	172.5	0.0	0.2	0.0	1.7	0.2	-999.9	84.8	-999.9	-999.9	-999.9
44 8.657	68 26.687	11Jul1999	1999b	BC	DK	2	32.0	0.6	0.0	0.0	3.0	0.0	0.0	0.0	2.5	1.5	-999.9	1.6	-999.9	-999.9	-999.9
44 8.651	68 26.665	11Jul1999	1999b	BC	DK	4	43.0	0.6	0.2	0.0	17.2	0.0	0.4	0.0	0.8	2.3	-999.9	8.0	-999.9	-999.9	-999.9
44 8.672	68 26.701	11Jul1999	1999b	BC	DK	8	79.4	0.2	0.8	0.0	33.4	0.0	3.2	0.0	1.4	10.0	-999.9	44.8	-999.9	-999.9	-999.9
44 8.302	68 25.950	03Jul1999	1999b	BC	LC	0	12.8	1.4	1.6	0.0	0.0	0.0	5.6	0.0	0.7	9.7	-999.9	0.0	-999.9	-999.9	-999.9
44 8.288	68 25.917	03Jul1999	1999b	BC	LC	1	8.6	1.0	0.2	0.0	0.0	0.0	0.4	0.0	1.4	8.1	-999.9	0.0	-999.9	-999.9	-999.9
44 8.292	68 25.940	03Jul1999	1999b	BC	LC	2	46.8	1.2	0.6	1.2	7.5	0.0	18.4	0.0	1.7	7.8	-999.9	1.6	-999.9	-999.9	-999.9
44 8.306	68 25.967	03Jul1999	1999b	BC	LC	4	61.0	2.6	1.0	0.4	55.0	0.0	1.2	0.0	1.9	7.8	-999.9	16.0	-999.9	-999.9	-999.9
44 8.276	68 25.896	03Jul1999	1999b	BC	LC	8	208.8	0.4	0.0	0.0	15.0	0.0	6.2	0.0	0.7	6.5	-999.9	2.4	-999.9	-999.9	-999.9
44 8.443	68 26.448	04Jul1999	1999b	BC	MP	0	38.6	0.8	2.0	0.8	12.5	0.0	61.6	0.0	1.9	11.5	-999.9	2.4	-999.9	-999.9	-999.9
44 8.450	68 26.503	11Jul1999	1999b	BC	MP	1	50.0	1.2	0.4	1.0	0.0	0.0	72.6	0.0	0.6	10.7	-999.9	0.0	-999.9	-999.9	-999.9
44 8.452	68 26.481	25Jun1999	1999b	BC	MP	2	32.6	0.4	0.2	0.0	3.6	0.2	6.4	0.0	2.2	13.2	-999.9	0.0	-999.9	-999.9	-999.9
44 8.433	68 26.427	25Jun1999	1999b	BC	MP	4	45.4	0.0	0.2	0.0	4.8	0.6	15.0	0.0	1.4	16.5	-999.9	0.0	-999.9	-999.9	-999.9
44 8.449	68 26.456	25Jun1999	1999b	BC	MP	8	67.0	0.0	0.2	0.0	2.6	1.0	0.0	0.0	3.7	7.9	-999.9	0.0	-999.9	-999.9	-999.9
44 10.487	68 26.890	28Jun1999	1999b	MC	BO	0	35.6	0.4	0.4	0.0	0.0	0.0	0.4	0.0	0.0	5.7	-999.9	0.0	-999.9	-999.9	-999.9
44 10.456	68 26.911	29Jun1999	1999b	MC	BO	1	33.4	0.0	0.2	0.0	0.0	0.0	0.0	0.0	0.0	0.0	-999.9	0.0	-999.9	-999.9	-999.9
44 10.510	68 26.873	29Jun1999	1999b	MC	BO	2	35.2	0.6	1.2	0.8	0.0	0.0	0.0	0.0	0.0	9.3	-999.9	0.0	-999.9	-999.9	-999.9
44 10.469	68 26.897	29Jun1999	1999b	MC	BO	4	192.8	0.0	0.0	0.2	40.0	4.6	0.0	0.0	0.4	12.3	-999.9	3.2	-999.9	-999.9	-999.9
44 10.500	68 26.884	29Jun1999	1999b	MC	BO	8	193.6	0.0	0.0	0.0	22.5	0.0	0.0	0.0	2.2	12.5	-999.9	0.0	-999.9	-999.9	-999.9
44 10.462	68 25.380	29Jun1999	1999b	MC	BS	0	4.2	0.4	0.0	0.0	0.0	0.0	0.0	0.0	0.9	4.0	-999.9	0.0	-999.9	-999.9	-999.9
44 10.475	68 25.379	29Jun1999	1999b	MC	BS	1	26.6	0.2	0.8	0.0	0.0	0.0	0.0	0.0	0.3	8.6	-999.9	0.0	-999.9	-999.9	-999.9
44 10.484	68 25.372	29Jun1999	1999b	MC	BS	2	13.2	0.0	0.2	0.2	0.0	0.0	0.0	0.0	0.6	6.1	-999.9	0.0	-999.9	-999.9	-999.9
44 10.509	68 25.358	25Jun1999	1999b	MC	BS	4	45.2	0.0	0.0	0.0	0.2	0.8	0.0	0.0	2.5	7.2	-999.9	0.0	-999.9	-999.9	-999.9
44 10.497	68 25.366	25Jun1999	1999b	MC	BS	8	43.6	0.0	0.0	0.0	0.6	0.2	0.0	0.0	2.9	5.8	-999.9	0.0	-999.9	-999.9	-999.9
44 9.885	68 27.212	28Jun1999	1999b	MC	GR	0	8.4	6.2	0.2	0.0	0.0	0.0	0.0	0.0	0.0	0.0	-999.9	0.0	-999.9	-999.9	-999.9
44 9.855	68 27.207	28Jun1999	1999b	MC	GR	1	12.8	0.8	0.0	0.0	0.0	0.0	0.0	0.0	0.0	0.0	-999.9	0.0	-999.9	-999.9	-999.9
44 9.877	68 27.203	28Jun1999	1999b	MC	GR	2	24.4	0.0	0.2	0.0	0.0	0.0	0.2	0.0	0.0	0.0	-999.9	0.0	-999.9	-999.9	-999.9
44 9.866	68 27.207	28Jun1999	1999b	MC	GR	4	29.6	0.0	0.0	0.0	0.0	0.0	0.0	0.0	0.0	0.0	-999.9	0.0	-999.9	-999.9	-999.9
44 9.839	68 27.221	28Jun1999	1999b	MC	GR	8	30.8	0.0	0.0	0.0	0.2	0.0	0.0	0.0	0.0	0.0	-999.9	0.0	-999.9	-999.9	-999.9
44 10.338	68 28.328	28Jun1999	1999b	SC	HN	0	30.0	3.4	1.6	0.4	0.0	0.0	0.0	0.0	0.0	0.0	-999.9	0.0	-999.9	-999.9	-999.9
44 10.361	68 28.309	28Jun1999	1999b	SC	HN	1	76.4	0.0	0.0	0.0	0.0	0.0	0.0	0.0	0.0	0.0	-999.9	0.0	-999.9	-999.9	-999.9
44 10.354	68 28.316	28Jun1999	1999b	SC	HN	2	42.4	0.0	0.6	0.0	0.0	0.0	0.0	0.0	0.0	2.2	-999.9	0.0	-999.9	-999.9	-999.9
44 10.377	68 28.281	28Jun1999	1999b	SC	HN	4	64.2	0.0	2.0	0.0	6.6	1.0	0.0	0.0	0.0	6.9	-999.9	26.4	-999.9	-999.9	-999.9
44 10.326	68 28.314	28Jun1999	1999b	SC	HN	8	25.6	7.2	6.6	0.0	240.0	0.0	0.2	0.0	1.4	9.6	-999.9	52.8	-999.9	-999.9	-999.9
44 9.923	68 28.626	08Jul1999	1999b	SC	MD	0	13.6	2.8	0.2	0.0	0.0	0.0	0.0	0.0	0.0	0.1	-999.9	0.0	-999.9	-999.9	-999.9
44 9.931	68 28.642	08Jul1999	1999b	SC	MD	1	32.2	0.6	0.0	0.0	0.0	0.0	0.0	0.0	0.0	0.0	-999.9	0.0	-999.9	-999.9	-999.9
44 9.909	68 28.635	08Jul1999	1999b	SC	MD	2	18.8	1.6	0.2	0.0	0.0	0.0	0.0	0.0	0.0	0.0	-999.9	0.0	-999.9	-999.9	-999.9
44 9.946	68 28.596	08Jul1999	1999b	SC	MD	4	15.8	0.0	0.0	0.0	6.2	3.8	0.0	0.0	0.0	2.0	-999.9	0.8	-999.9	-999.9	-999.9
44 9.945	68 28.626	08Jul1999	1999b	SC	MD	8	22.4	0.0	0.0	0.0	0.0	0.0	0.0	0.0	0.0	1.9	-999.9	0.0	-999.9	-999.9	-999.9
44 9.614	68 28.834	11Jul1999	1999b	SC	PL	0	6.8	4.6	0.0	0.2	0.0	0.0	0.0	0.0	0.0	0.0	-999.9	0.0	-999.9	-999.9	-999.9
44 9.606	68 28.858	11Jul1999	1999b	SC	PL	1	12.4	2.6	0.4	0.6	0.0	0.0	0.2	0.0	0.0	0.0	-999.9	0.0	-999.9	-999.9	-999.9
44 9.615	68 28.802	11Jul1999	1999b	SC	PL	2	12.8	0.8	0.0	0.0	0.2	0.0	0.0	0.0	0.0	0.0	-999.9	0.0	-999.9	-999.9	-999.9
44 9.615	68 28.816	11Jul1999	1999b	SC	PL	4	22.8	0.0	0.2	0.0	0.0	0.0	0.0	0.0	0.1	1.3	-999.9	0.0	-999.9	-999.9	-999.9
44 9.613	68 28.849	11Jul1999	1999b	SC	PL	8	28.2	0.0	0.4	0.0	15.0	0.0	0.0	0.0	0.0	1.9	-999.9	0.0	-999.9	-999.9	-999.9
44 9.314	68 28.117	09Jul1999	1999b	TC	JL	0	23.0	5.0	3.6	0.2	0.0	0.0	0.0	6.2	0.0	11.8	-999.9	2.4	-999.9	-999.9	-999.9
44 9.318	68 28.167	09Jul1999	1999b	TC	JL	1	14.2	22.4	0.4	0.0	24.0	0.6	0.0	0.0	0.1	1.2	-999.9	89.6	-999.9	-999.9	-999.9
44 9.309	68 28.157	09Jul1999	1999b	TC	JL	2	28.6	3.6	2.4	0.6	11.8	0.0	0.0	0.6	0.0	5.1	-999.9	80.8	-999.9	-999.9	-999.9
44 9.312	68 28.98	11Jul1999	1999b	TC	JL	4	21.2	9.0	6.0	0.0	292.5	0.0	0.0	0.0	3.7	9.9	-999.9	68.0	-999.9	-999.9	-999.9
44 9.312	68 28.141	09Jul1999	1999b	TC	JL	8	29.0	8.8	7.2	0.6	132.5	0.0	0.0	0.0	0.6	11.6	-999.9	74.4	-999.9	-999.9	-999.9
44 8.164	68 27.194	07Jul1999	1999b	TC	LD	0	23.0	6.6	0.8	1.2	0.4	0.0	0.0	2.6	0.0	0.0	-999.9	0.0	-999.9	-999.9	-999.9
44 8.165	68 27.186	07Jul1999	1999b	TC	LD	1	20.4	2.4	0.4	3.2	6.2	0.2	0.0	0.0	0.0	0.0	-999.9	29.6	-999.9	-999.9	-999.9
44 8.152	68 27.156	07Jul1999	1999b	TC	LD	2	47.8	1.4	0.6	3.6	2.2	0.0	0.0	0.6	0.0	0.5	-999.9	11.2	-999.9	-999.9	-999.9
44 8.121	68 27.133	08Jul1999	1999b	TC	LD	4	15.8	3.8	0.6	1.4	26.4	2.0	0.0	0.0	0.0	0.0	-999.9	100.0	-999.9	-999.9	-999.9
44 8.133	68 27.145	07Jul1999	1999b	TC	LD	8	51.0	1.2	3.6	0.0	70.0	0.0	0.0	0.6	0.0	1.6	-999.9	25.6	-999.9	-999.9	-999.9
44 9.465	68 27.823	01Jul1999	1999b	TC	LH	0	16.2	1.0	0.0	0.2	0.0	0.0	0.0	0.0	0.0	0.1	-999.9	0.0	-999.9	-999.9	-999.9
44 9.460	68 27.804	01Jul1999	1999b	TC	LH	1	33.4	2.4	0.8	0.0	10.0	0.0	0.0	0.0	0.0	0.0	-999.9	1.6	-999.9	-999.9	-999.9
44 9.463	68 27.772	01Jul1999	1999b	TC	LH	2	37.0	2.2	1.8	1.4	37.5	0.0	0.0	0.0	0.0	1.8	-999.9	6.4	-999.9	-999.9	-999.9
44 9.468	68 27.790	01Jul1999	1999b	TC	LH	4	23.6	0.4	2.6	0.0	37.5	0.0	0.0	0.0	0.9	8.9	-999.9	13.6	-999.9	-999.9	-999.9
44 9.451	68 27.826	01Jul1999	1999b	TC	LH	8	34.6	0.6	10.6	0.0	25.0	0.0	0.0	0.0	0.0	4.5	-999.9	5.6	-999.9	-999.9	-999.9
44 8.629	68 26.663	04Jun2000	2000a	BC	DK	0	10.8	2.8	1.0	0.0	0.0	0.0	2.4	0.0	0.1	1.3	2.4	1.6	100.0	0.0	96.0
44 8.633	68 26.650	04Jun2000	2000a	BC	DK	1	11.8	5.8	0.8	0.0	8.0	0.4	0.0	0.0	0.9	1.4	0.0	77.6	0.0	0.0	22.4
44 8.657	68 26.687	04Jun2000	2000a	BC	DK	2	12.4	1.2	0.0	0.0	4.8	0.0	0.0	0.0	2.3	1.9	63.4	16.3	1.6	0.0	20.3
44 8.651	68 26.665	04Jun2000	2000a	BC	DK	4	40.2	1.0	0.4	0.0	5.4	6.0	6.2	0.0	1.4	2.3	11.4	47.2	1.6	0.0	41.5
44 8.672	68 26.701	04Jun2000	2000a	BC	DK	8	43.2	2.0	0.3	0.3	16.8	4.0	6.2	0.0	3.4	8.3	7.2	92.0	0.0	0.0	0.8
44 8.302	68 25.950	03Jun2000	2000a	BC	LC	0	21.6	0.4	1.2	0.2	0.0	0.0	28.8	0.0	2.8	8.1	3.2	0.0	100.0	0.8	96.0
44 8.288	68 25.917	01Jun2000	2000a	BC	LC	1	10.0	0.6	0.6	0.0	0.4	0.6	0.6	0.0	1.4	6.5	20.0	0.0	0.0	0.0	80.0
44 8.292	68 25.940	01Jun2000	2000a	BC	LC	2	44.0	0.0	1.2	2.0	9.4	0.6	36.6	0.0	2.8	8.0	21.8	43.6	0.0	4.0	30.7
44 8.306	68 25.967	03Jun2000	2000a	BC	LC	4	54.8	1.6	0.6	0.4	4.0	4.8	4.0	0.0	1.8	8.9	31.6	62.4	6.4	0.0	6.0
44 8.276	68 25.896	01Jun2000	2000a	BC	LC	8	71.0	0.0	0.0	0.0	9.6	2.4	20.0	0.0	1.9	8.5	39.1	20.9	8.0	0.0	40.0
44 8.443	68 26.448	03Jun2000	2000a	BC	MP	0	59.2	1.8	2.0	0.6	1.2	0.0	38.4	0.0	0.8	10.0	56.0	16.8	100.0	0.8	26.4
44 8.450	68 26.503	03Jun2000	2000a	BC	MP	1	90.6	0.6	1.8	2.6	0.0	0.0	46.4	0.0	2.0	10.9	28.6	0.0	9.0	13.2	58.2
44 8.452	68 26.481	03Jun2000	2000a	BC	MP	2	46.0	0.4	1.4	0.2	3.0	1.0	12.2	0.0	3.1	13.9	51.7	8.5	5.6	4.2	35.6
44 8.433	68 26.427	03Jun2000	2000a	BC	MP	4	136.8	0.4	0.4	1.0	1.4	0.4	65.2	0.0	1.8	13.1	66.4	4.0	0.0	28.0	1.6
44 8.449	68 26.456	03Jun2000	2000a	BC	MP	8	52.2	0.0	1.0	0.0	3.4	1.4	3.2	0.0	1.1	6.7	58.3	19.2	4.0	2.5	20.0
44 10.487	68 26.890	04Jun2000	2000a	MC	BO	0	48.6	1.2	0.2	0.0	0.2	0.0	0.8	0.0	3.7	8.7	0.0	0.0	100.0	0.0	100.0
44 10.456	68 26.911	04Jun2000	2000a	MC	BO	1	49.0	0.4	1.6	1.0	0.0	0.4	0.4	0.0	2.5	10.6	26.4	0.0	0.0	0.0	73.6
44 10.510	68 26.873	04Jun2000	2000a	MC	BO	2	36.6	0.6	0.4	0.0	16.4	6.4	0.0	0.0	2.4	16.2	70.4	20.0	0.0	0.0	9.6
44 10.469	68 26.897	04Jun2000	2000a	MC	BO	4	79.6	0.0	0.0	0.0	1.0	0.2	9.2	0.0	3.6	15.2	95.2	1.6	0.0	1.6	1.6
44 10.500	68 26.884	04Jun2000	2000a	MC	BO	8	38.6	1.0	0.0	0.0	17.8	43.4	0.6	0.0	3.8	19.5	19.2	45.6	0.0	0.0	35.2
44 10.462	68 25.380	05Jun2000	2000a	MC	BS	0	32.6	5.2	0.6	0.4	0.0	0.0	0.2	0.0	1.2	7.9	1.6	0.0	100.0	0.0	98.4
44 10.475	68 25.379	05Jun2000	2000a	MC	BS	1	41.0	0.4	0.2	1.4	0.0	0.0	11.2	0.0	0.1	12.4	36.0	0.0	0.0	0.0	64.0
44 10.484	68 25.372	05Jun2000	2000a	MC	BS	2	21.4	0.2	0.6	0.4	0.0	0.2	0.6	0.0	2.5	9.4	59.2	0.0	0.0	0.0	40.8
44 10.509	68 25.358	05Jun2000	2000a	MC	BS	4	217.8	1.4	1.2	1.4	0.4	7.0	32.4	0.0	0.5	25.1	92.0	0.0	0.0	0.0	8.0
44 10.497	68 25.366	05Jun2000	2000a	MC	BS	8	321.0	0.2	0.2	0.6	1.0	24.8	41.0	0.0	1.9	6.5	100.0	0.0	0.0	0.0	0.0
44 9.885	68 27.212	04Jun2000	2000a	MC	GR	0	8.6	7.0	1.2	0.0	0.0	0.0	0.0	0.0	0.0	0.0	0.0	2.4	100.0	0.0	97.6
44 9.855	68 27.207	04Jun2000	2000a	MC	GR	1	16.0	1.2	0.2	0.0	0.0	0.0	0.2	0.0	0.0	0.0	0.0	1.6	0.0	0.0	98.4
44 9.877	68 27.203	04Jun2000	2000a	MC	GR	2	27.4	0.0	0.6	0.0	0.0	0.0	0.0	0.0	0.2	3.3	11.2	0.0	0.0	0.0	88.8
44 9.866	68 27.207	04Jun2000	2000a	MC	GR	4	14.2	0.2	0.0	0.0	1.0	0.0	0.0	0.0	0.0	1.4	0.0	0.0	0.0	0.0	100.0
44 9.839	68 27.221	04Jun2000	2000a	MC	GR	8	21.2	0.2	0.0	0.0	1.8	0.0	0.0	0.0	0.1	0.6	0.0	0.0	0.0	0.0	100.0
44 10.338	68 28.328	01Jun2000	2000a	SC	HN	0	47.2	2.8	0.6	0.2	0.0	0.0	0.0	0.0	0.0	0.0	0.0	0.0	100.0	0.0	100.0
44 10.361	68 28.309	01Jun2000	2000a	SC	HN	1	33.8	0.2	1.2	0.6	0.0	0.0	1.0	0.0	0.0	7.2	23.8	0.0	2.4	0.0	76.2
44 10.354	68 28.316	01Jun2000	2000a	SC	HN	2	44.4	0.2	0.0	0.0	0.8	0.4	3.4	0.0	0.3	15.0	78.0	3.7	0.0	2.8	15.6
44 10.377	68 28.281	01Jun2000	2000a	SC	HN	4	59.8	0.2	0.6	0.0	0.4	0.6	0.8	0.0	1.6	18.0	82.1	2.4	1.6	0.0	15.4
44 10.326	68 28.314	01Jun2000	2000a	SC	HN	8	28.2	5.8	1.8	0.0	78.2	12.2	2.0	0.0	1.2	16.6	12.0	88.0	0.0	0.0	0.0
44 9.923	68 28.626	03Jun2000	2000a	SC	MD	0	18.2	2.4	0.0	0.0	0.0	0.0	0.0	0.0	0.0	0.0	0.0	0.0	100.0	0.0	100.0
44 9.931	68 28.642	03Jun2000	2000a	SC	MD	1	31.8	1.4	0.6	1.2	0.0	0.0	0.0	0.0	0.0	0.0	0.0	0.0	0.0	0.0	100.0
44 9.909	68 28.635	03Jun2000	2000a	SC	MD	2	31.4	0.6	0.0	0.2	0.8	0.2	0.0	0.0	0.0	2.6	6.4	0.8	0.0	0.0	92.8
44 9.946	68 28.596	03Jun2000	2000a	SC	MD	4	46.4	0.0	15.6	0.0	1.8	10.0	0.0	0.0	0.1	13.3	81.5	4.8	0.8	0.0	13.7
44 9.945	68 28.626	03Jun2000	2000a	SC	MD	8	86.4	1.2	3.6	0.2	2.2	1.2	0.4	0.0	0.0	3.7	36.6	39.8	1.6	0.0	23.6
44 9.614	68 28.834	01Jun2000	2000a	SC	PL	0	15.6	4.2	0.2	0.0	0.0	0.0	0.0	0.0	0.0	2.3	0.0	0.0	100.0	0.0	100.0
44 9.606	68 28.858	01Jun2000	2000a	SC	PL	1	17.6	4.6	0.2	0.6	0.0	0.0	0.0	0.0	0.0	0.0	0.0	0.0	0.0	0.0	100.0
44 9.615	68 28.802	01Jun2000	2000a	SC	PL	2	10.6	0.0	2.0	0.8	0.0	0.2	0.0	0.0	0.0	6.4	52.6	0.0	8.8	0.0	47.4
44 9.615	68 28.816	01Jun2000	2000a	SC	PL	4	4.8	0.2	0.0	0.0	0.0	0.0	0.0	0.0	0.5	14.5	100.0	0.0	0.0	0.0	0.0
44 9.613	68 28.849	05Jun2000	2000a	SC	PL	8	23.8	0.0	0.4	0.0	6.8	4.2	0.0	0.0	1.8	14.6	96.8	3.2	0.0	0.0	0.0
44 9.314	68 28.117	02Jun2000	2000a	TC	JL	0	7.0	9.6	4.8	0.2	0.2	0.0	0.0	0.0	0.2	13.2	1.6	1.6	100.0	0.0	96.8
44 9.318	68 28.167	02Jun2000	2000a	TC	JL	1	6.8	18.6	2.6	0.0	6.0	0.8	0.0	0.0	0.0	3.2	0.0	92.6	2.4	0.0	7.4
44 9.309	68 28.157	02Jun2000	2000a	TC	JL	2	39.8	9.4	4.0	3.4	2.6	0.0	0.0	0.0	0.0	1.4	0.0	78.4	7.2	0.0	21.6
44 9.312	68 28.98	02Jun2000	2000a	TC	JL	4	6.2	12.4	5.0	0.0	41.4	0.2	0.0	0.3	2.3	10.4	3.2	96.8	0.0	0.0	0.0
44 9.312	68 28.141	02Jun2000	2000a	TC	JL	8	18.6	20.8	5.8	2.2	13.2	0.0	0.0	0.8	0.9	9.3	0.0	100.0	0.0	0.0	0.0
44 8.164	68 27.194	02Jun2000	2000a	TC	LD	0	7.4	3.2	0.6	0.4	0.0	0.0	0.2	0.0	0.7	0.8	0.0	0.8	100.0	0.0	99.2
44 8.165	68 27.186	02Jun2000	2000a	TC	LD	1	15.8	4.0	0.4	6.0	3.2	0.2	0.2	0.0	0.1	0.0	0.0	87.7	2.4	0.0	12.3
44 8.152	68 27.156	03Jun2000	2000a	TC	LD	2	18.6	2.4	2.4	15.6	0.8	0.6	0.0	1.8	0.0	1.8	-999.9	-999.9	-999.9	-999.9	-999.9
44 8.121	68 27.133	02Jun2000	2000a	TC	LD	4	20.0	2.0	1.2	1.2	7.8	2.4	0.0	0.0	0.0	0.0	0.0	95.8	4.0	0.0	4.2
44 8.133	68 27.145	02Jun2000	2000a	TC	LD	8	25.0	2.8	2.0	0.2	2.2	3.4	0.0	0.0	3.6	0.0	12.0	75.2	0.0	0.0	12.8
44 9.465	68 27.823	01Jun2000	2000a	TC	LH	0	34.4	0.8	0.2	0.8	2.0	0.0	0.0	0.0	0.0	0.0	0.0	0.0	100.0	0.0	100.0
44 9.460	68 27.804	01Jun2000	2000a	TC	LH	1	22.8	1.6	2.6	0.2	0.4	0.4	0.0	0.0	0.0	0.0	0.0	4.8	0.0	0.0	95.2
44 9.463	68 27.772	01Jun2000	2000a	TC	LH	2	60.4	3.8	5.8	2.2	1.8	0.2	0.0	0.0	0.0	9.6	30.3	43.4	2.4	0.0	26.2
44 9.468	68 27.790	01Jun2000	2000a	TC	LH	4	36.0	1.8	0.4	0.0	8.6	1.2	0.0	0.0	3.3	13.8	34.4	65.6	2.4	0.0	0.0
44 9.451	68 27.826	01Jun2000	2000a	TC	LH	8	25.6	0.8	3.4	0.6	3.8	0.0	0.0	0.0	0.4	12.8	42.4	54.4	0.0	0.0	3.2
44 8.629	68 26.663	31Jul2000	2000b	BC	DK	0	5.8	3.2	1.4	0.0	0.0	0.0	0.2	0.0	0.2	2.5	0.0	3.2	100.0	0.0	96.8
44 8.633	68 26.650	31Jul2000	2000b	BC	DK	1	36.0	5.4	0.8	0.0	18.0	2.0	0.0	0.0	0.9	1.1	0.0	70.7	7.2	0.0	29.3
44 8.657	68 26.687	31Jul2000	2000b	BC	DK	2	38.0	0.2	0.0	0.0	8.0	1.0	0.0	0.0	1.1	0.8	24.8	9.6	0.0	0.0	65.6
44 8.651	68 26.665	31Jul2000	2000b	BC	DK	4	39.0	0.4	0.2	0.0	29.0	3.0	0.0	0.0	1.0	1.8	8.1	30.6	0.8	0.0	61.3
44 8.672	68 26.701	31Jul2000	2000b	BC	DK	8	77.0	0.4	0.4	0.0	241.0	9.0	2.4	0.0	2.4	2.8	15.2	77.6	0.0	0.0	7.2
44 8.302	68 25.950	30Jul2000	2000b	BC	LC	0	33.6	2.6	0.0	0.2	0.0	0.0	25.0	0.0	0.7	4.0	1.6	0.0	97.6	0.0	98.4
44 8.288	68 25.917	30Jul2000	2000b	BC	LC	1	8.2	1.0	0.0	0.0	3.0	1.0	0.2	0.0	0.6	4.4	21.4	7.1	0.0	0.0	71.4
44 8.292	68 25.940	30Jul2000	2000b	BC	LC	2	51.2	1.2	1.2	0.6	56.0	3.0	33.0	0.0	2.6	4.0	12.9	80.6	0.0	0.0	6.5
44 8.306	68 25.967	30Jul2000	2000b	BC	LC	4	67.6	1.4	0.8	0.0	25.0	16.0	2.0	0.0	1.6	5.4	17.0	59.6	0.0	0.0	23.4
44 8.276	68 25.896	30Jul2000	2000b	BC	LC	8	82.2	1.6	0.0	0.0	58.0	2.0	15.2	0.0	2.0	6.9	51.3	39.8	9.6	0.0	8.8
44 8.443	68 26.448	30Jul2000	2000b	BC	MP	0	21.0	0.2	0.6	0.2	4.0	1.0	49.6	0.0	0.3	5.1	1.6	15.2	70.4	1.6	81.6
44 8.450	68 26.503	30Jul2000	2000b	BC	MP	1	40.4	0.0	0.8	0.8	0.0	0.0	65.8	0.0	1.5	4.3	39.3	1.8	0.0	5.4	53.6
44 8.452	68 26.481	30Jul2000	2000b	BC	MP	2	32.6	0.2	0.6	0.0	15.0	3.0	11.2	0.0	1.6	7.0	93.3	1.1	0.0	1.1	4.4
44 8.433	68 26.427	30Jul2000	2000b	BC	MP	4	108.4	0.0	0.2	0.0	12.0	0.0	17.2	0.0	1.2	10.1	72.0	3.2	0.0	4.0	20.8
44 8.449	68 26.456	30Jul2000	2000b	BC	MP	8	67.4	0.0	0.0	0.0	10.0	6.0	1.2	0.0	0.8	4.4	38.1	0.0	5.6	21.2	40.7
44 10.487	68 26.890	01Aug2000	2000b	MC	BO	0	79.0	0.2	1.4	0.2	0.0	0.0	1.6	0.0	2.4	3.2	0.0	0.0	100.0	0.0	100.0
44 10.456	68 26.911	01Aug2000	2000b	MC	BO	1	25.2	0.0	0.6	0.0	1.0	1.0	0.4	0.0	1.0	5.8	29.6	0.0	0.0	0.0	70.4
44 10.510	68 26.873	01Aug2000	2000b	MC	BO	2	47.8	1.8	0.0	0.6	0.0	0.0	12.2	0.0	0.6	3.8	71.2	8.8	0.0	0.0	20.0
44 10.469	68 26.897	01Aug2000	2000b	MC	BO	4	127.4	0.2	0.0	0.0	3.0	41.0	6.4	0.0	2.3	2.4	98.4	0.8	0.0	0.8	0.0
44 10.500	68 26.884	01Aug2000	2000b	MC	BO	8	89.0	0.0	0.0	0.0	12.0	158.0	11.4	0.0	1.6	2.8	51.2	21.6	0.0	0.0	27.2
44 10.462	68 25.380	30Jul2000	2000b	MC	BS	0	21.8	6.6	0.2	0.2	2.0	0.0	0.0	0.0	1.2	2.4	0.0	0.0	100.0	0.0	100.0
44 10.475	68 25.379	30Jul2000	2000b	MC	BS	1	38.4	2.6	0.0	2.0	0.0	1.0	17.8	0.0	0.1	8.9	27.2	0.0	0.0	0.0	72.8
44 10.484	68 25.372	30Jul2000	2000b	MC	BS	2	35.6	1.0	0.0	1.0	99.0	35.0	1.6	0.0	2.7	2.6	68.4	0.0	0.0	0.0	31.6
44 10.509	68 25.358	30Jul2000	2000b	MC	BS	4	104.0	0.0	0.2	0.4	4.0	5.0	33.2	0.0	0.7	8.8	84.8	1.6	0.0	2.4	11.2
44 10.497	68 25.366	30Jul2000	2000b	MC	BS	8	166.8	0.0	0.0	0.0	87.0	369.0	13.4	0.0	0.6	2.6	84.8	0.0	0.0	0.0	15.2
44 9.885	68 27.212	31Jul2000	2000b	MC	GR	0	2.2	5.6	0.0	0.0	0.0	0.0	0.0	0.0	0.0	0.2	0.0	0.0	100.0	0.0	100.0
44 9.855	68 27.207	31Jul2000	2000b	MC	GR	1	12.6	1.4	0.6	0.0	0.0	0.0	0.0	0.0	0.0	0.0	0.0	0.0	0.0	0.0	100.0
44 9.877	68 27.203	31Jul2000	2000b	MC	GR	2	18.2	0.6	0.0	0.0	0.0	0.0	0.0	0.0	0.0	1.9	0.0	0.0	0.0	0.0	100.0
44 9.866	68 27.207	31Jul2000	2000b	MC	GR	4	15.6	0.2	0.2	0.0	0.0	0.0	0.0	0.0	0.0	0.6	0.0	0.0	0.0	0.0	100.0
44 9.839	68 27.221	31Jul2000	2000b	MC	GR	8	22.0	0.0	0.0	0.0	2.0	0.0	0.0	0.0	0.1	0.7	0.0	0.0	0.0	0.0	100.0
44 10.338	68 28.328	02Aug2000	2000b	SC	HN	0	12.0	1.0	1.2	0.0	0.0	0.0	0.0	0.0	0.0	1.1	0.0	0.0	100.0	0.0	100.0
44 10.361	68 28.309	02Aug2000	2000b	SC	HN	1	46.8	0.0	1.0	0.0	0.0	0.0	0.0	0.0	0.0	3.7	18.4	0.0	0.0	0.0	81.6
44 10.354	68 28.316	02Aug2000	2000b	SC	HN	2	77.6	0.2	0.0	0.0	0.0	2.0	0.0	0.0	0.8	4.9	78.5	17.4	3.2	0.0	4.1
44 10.377	68 28.281	02Aug2000	2000b	SC	HN	4	100.8	0.0	0.2	0.0	1.0	5.0	0.4	0.0	0.1	5.4	72.4	3.4	7.2	0.0	24.1
44 10.326	68 28.314	02Aug2000	2000b	SC	HN	8	55.2	1.6	2.2	0.0	248.0	32.0	1.0	0.0	0.3	6.1	12.8	85.6	0.0	0.0	1.6
44 9.923	68 28.626	02Aug2000	2000b	SC	MD	0	15.4	0.6	0.0	0.0	0.0	0.0	0.0	0.0	0.0	0.0	0.0	0.0	100.0	0.0	100.0
44 9.931	68 28.642	02Aug2000	2000b	SC	MD	1	32.6	0.0	0.8	0.0	0.0	0.0	0.6	0.0	0.0	0.0	0.0	0.0	0.0	0.0	100.0
44 9.909	68 28.635	02Aug2000	2000b	SC	MD	2	32.6	1.0	0.0	0.2	0.0	0.0	0.8	0.0	0.0	1.5	0.0	0.0	0.0	0.0	100.0
44 9.946	68 28.596	02Aug2000	2000b	SC	MD	4	45.2	0.0	3.4	0.0	8.0	50.0	0.0	0.0	0.0	11.8	86.1	11.5	2.4	0.0	2.5
44 9.945	68 28.626	02Aug2000	2000b	SC	MD	8	51.0	0.0	8.4	0.0	8.0	6.0	0.0	0.0	0.0	9.0	75.2	11.2	0.0	0.0	13.6
44 9.614	68 28.834	01Aug2000	2000b	SC	PL	0	12.0	1.8	0.0	0.0	0.0	0.0	0.0	0.0	0.0	1.7	0.0	0.0	100.0	0.0	100.0
44 9.606	68 28.858	01Aug2000	2000b	SC	PL	1	12.8	2.8	0.2	0.0	0.0	0.0	0.0	0.0	0.0	0.0	0.0	0.0	0.0	0.0	100.0
44 9.615	68 28.802	01Aug2000	2000b	SC	PL	2	18.4	0.0	0.0	0.0	2.0	9.0	0.0	0.0	0.0	4.5	52.8	0.0	0.0	0.0	47.2
44 9.615	68 28.816	01Aug2000	2000b	SC	PL	4	28.4	0.2	0.0	0.0	1.0	0.0	0.0	0.0	0.2	5.6	100.0	0.0	0.0	0.0	0.0
44 9.613	68 28.849	01Aug2000	2000b	SC	PL	8	35.2	0.0	0.0	0.0	43.0	39.0	0.2	0.0	0.7	6.3	96.8	3.2	0.0	0.0	0.0
44 9.314	68 28.117	02Aug2000	2000b	TC	JL	0	23.4	5.6	4.8	0.4	0.0	0.0	0.0	1.5	0.1	12.7	0.0	0.0	100.0	0.0	100.0
44 9.318	68 28.167	02Aug2000	2000b	TC	JL	1	5.4	16.2	0.8	0.0	23.0	3.0	0.0	0.0	0.0	4.1	0.0	10.4	0.0	0.0	89.6
44 9.309	68 28.157	02Aug2000	2000b	TC	JL	2	37.0	4.4	1.2	0.4	6.0	0.0	0.0	7.8	0.0	3.9	4.8	60.8	0.0	0.0	34.4
44 9.312	68 28.98	02Aug2000	2000b	TC	JL	4	5.2	10.4	4.2	0.0	62.0	1.0	0.2	0.0	1.1	14.6	0.0	100.0	0.0	0.0	0.0
44 9.312	68 28.141	02Aug2000	2000b	TC	JL	8	18.8	19.4	2.2	0.0	56.0	0.0	0.0	0.0	0.0	18.4	0.0	100.0	0.0	0.0	0.0
44 8.164	68 27.194	31Jul2000	2000b	TC	LD	0	13.8	2.2	0.6	1.8	0.0	0.0	0.0	2.3	0.0	0.0	0.0	0.0	100.0	0.0	100.0
44 8.165	68 27.186	31Jul2000	2000b	TC	LD	1	19.6	5.2	0.0	4.0	4.0	0.0	0.0	1.8	0.0	0.2	0.0	24.0	0.0	0.0	76.0
44 8.152	68 27.156	31Jul2000	2000b	TC	LD	2	56.8	3.8	3.0	6.2	4.0	0.0	0.0	0.5	0.0	5.3	13.6	27.1	5.6	0.0	59.3
44 8.121	68 27.133	31Jul2000	2000b	TC	LD	4	17.6	5.4	0.6	1.6	18.0	2.0	0.0	1.8	0.0	0.0	0.0	100.0	0.0	0.0	0.0
44 8.133	68 27.145	31Jul2000	2000b	TC	LD	8	37.6	3.6	4.0	0.0	19.0	1.0	0.0	0.0	0.0	5.3	8.9	89.5	0.8	0.0	1.6
44 9.465	68 27.823	31Jul2000	2000b	TC	LH	0	17.4	1.6	0.6	0.2	0.0	0.0	0.0	0.5	0.0	0.9	0.0	0.0	100.0	0.0	100.0
44 9.460	68 27.804	31Jul2000	2000b	TC	LH	1	54.4	2.0	0.2	0.2	2.0	0.0	0.0	0.0	0.0	0.0	0.0	0.0	0.0	0.0	100.0
44 9.463	68 27.772	31Jul2000	2000b	TC	LH	2	48.0	3.6	6.8	1.2	1.0	0.0	0.0	0.0	0.0	7.1	15.6	64.4	0.0	0.0	20.0
44 9.468	68 27.790	31Jul2000	2000b	TC	LH	4	47.0	1.8	0.0	0.0	94.0	0.0	0.0	0.0	1.4	8.5	83.8	16.2	0.0	0.0	0.0
44 9.451	68 27.826	31Jul2000	2000b	TC	LH	8	36.0	1.8	6.6	0.0	21.0	2.0	0.0	0.0	0.0	7.6	14.3	83.0	0.0	0.0	2.7
44 8.629	68 26.663	21Jul2001	2001b	BC	DK	0	10.4	0.4	0.8	0.0	1.0	0.0	0.0	0.0	1.0	2.0	-999.9	2.4	97.6	-999.9	-999.9
44 8.633	68 26.650	21Jul2001	2001b	BC	DK	1	19.2	1.6	0.0	0.0	14.0	2.0	0.0	0.0	1.8	0.9	30.4	61.6	1.6	0.0	6.4
44 8.657	68 26.687	21Jul2001	2001b	BC	DK	2	17.2	0.2	0.0	0.0	16.0	0.0	0.0	0.0	0.9	1.9	89.6	10.4	0.0	0.0	0.0
44 8.651	68 26.665	21Jul2001	2001b	BC	DK	4	32.6	2.8	0.0	0.0	43.0	4.0	0.0	0.0	1.0	1.1	5.6	67.2	0.0	0.0	27.2
44 8.672	68 26.701	21Jul2001	2001b	BC	DK	8	62.0	0.0	0.0	0.0	107.0	6.0	0.6	0.0	0.6	5.6	2.4	96.8	0.0	0.0	0.8
44 8.302	68 25.950	21Jul2001	2001b	BC	LC	0	26.4	4.2	0.0	0.0	0.0	1.0	40.8	0.0	0.4	4.6	0.0	0.0	100.0	0.0	100.0
44 8.288	68 25.917	21Jul2001	2001b	BC	LC	1	13.0	0.2	0.2	0.0	1.0	0.0	0.0	0.0	0.1	5.0	12.0	0.0	69.6	0.0	18.4
44 8.292	68 25.940	21Jul2001	2001b	BC	LC	2	30.8	0.4	0.0	0.0	21.0	0.0	34.6	0.0	0.5	4.7	16.8	32.0	40.0	0.0	11.2
44 8.306	68 25.967	21Jul2001	2001b	BC	LC	4	63.2	0.6	0.0	0.0	10.0	2.0	9.4	0.0	0.9	5.8	15.2	60.0	18.4	0.0	6.4
44 8.276	68 25.896	21Jul2001	2001b	BC	LC	8	29.6	0.0	0.0	0.0	7.0	0.0	10.6	0.0	0.1	7.0	13.6	38.4	16.0	0.0	32.0
44 8.443	68 26.448	21Jul2001	2001b	BC	MP	0	24.8	1.2	0.0	0.6	9.0	0.0	47.8	0.0	0.5	5.9	-999.9	9.6	90.4	-999.9	-999.9
44 8.450	68 26.503	21Jul2001	2001b	BC	MP	1	77.2	0.0	0.4	0.4	0.0	0.0	54.8	0.0	0.5	5.9	24.8	6.4	46.4	6.4	16.0
44 8.452	68 26.481	21Jul2001	2001b	BC	MP	2	28.8	0.0	0.0	0.0	16.0	0.0	6.8	0.0	0.8	9.1	61.6	9.6	17.6	0.0	11.2
44 8.433	68 26.427	21Jul2001	2001b	BC	MP	4	98.6	0.0	0.8	0.0	7.0	0.0	45.4	0.0	0.2	6.3	52.0	8.0	0.0	14.4	25.6
44 8.449	68 26.456	21Jul2001	2001b	BC	MP	8	93.8	0.6	0.0	0.0	16.0	0.0	1.0	0.0	0.3	7.1	38.4	22.4	1.6	0.0	37.6
44 10.487	68 26.890	22Jul2001	2001b	MC	BO	0	11.4	0.2	0.0	0.0	0.0	0.0	0.2	0.0	0.4	2.9	0.0	0.0	100.0	0.0	100.0
44 10.456	68 26.911	22Jul2001	2001b	MC	BO	1	15.2	0.0	0.2	0.0	0.0	4.0	0.2	0.0	0.3	11.6	88.0	0.0	3.2	0.0	8.8
44 10.510	68 26.873	22Jul2001	2001b	MC	BO	2	32.0	0.4	0.0	1.4	78.0	29.0	0.0	0.0	0.6	3.1	45.6	45.6	2.4	0.0	6.4
44 10.469	68 26.897	22Jul2001	2001b	MC	BO	4	28.6	0.0	0.0	0.0	0.0	0.0	0.0	0.0	0.4	7.8	100.0	0.0	0.0	0.0	0.0
44 10.500	68 26.884	22Jul2001	2001b	MC	BO	8	24.0	0.0	0.0	0.0	1.0	0.0	0.0	0.0	0.0	9.8	100.0	0.0	0.0	0.0	0.0
44 10.462	68 25.380	20Jul2001	2001b	MC	BS	0	16.8	5.0	0.2	0.6	0.0	2.0	1.6	0.0	3.6	1.8	9.6	0.0	90.4	0.0	0.0
44 10.475	68 25.379	20Jul2001	2001b	MC	BS	1	26.8	0.8	0.2	1.0	0.0	11.0	15.6	0.0	2.1	5.7	91.2	0.0	-999.9	0.0	8.8
44 10.484	68 25.372	20Jul2001	2001b	MC	BS	2	22.6	1.0	0.0	0.2	1.0	0.0	3.0	0.0	1.6	1.3	77.6	0.0	4.0	0.0	18.4
44 10.509	68 25.358	20Jul2001	2001b	MC	BS	4	102.2	0.0	0.2	0.2	7.0	103.0	55.0	0.0	2.0	4.4	68.8	4.0	0.8	2.4	24.0
44 10.497	68 25.366	20Jul2001	2001b	MC	BS	8	45.2	0.0	0.0	0.0	12.0	152.0	0.4	0.0	0.6	6.0	65.6	2.4	0.0	0.0	32.0
44 9.885	68 27.212	20Jul2001	2001b	MC	GR	0	9.4	1.4	0.2	0.2	0.0	0.0	0.0	0.0	0.0	0.7	1.6	0.0	94.4	0.0	4.0
44 9.855	68 27.207	20Jul2001	2001b	MC	GR	1	8.0	1.0	0.2	0.2	0.0	0.0	0.0	0.0	0.0	2.2	10.4	0.0	24.8	0.0	64.8
44 9.877	68 27.203	20Jul2001	2001b	MC	GR	2	25.8	0.6	0.2	0.2	0.0	0.0	0.0	0.0	0.4	2.2	48.0	0.0	11.2	0.0	40.8
44 9.866	68 27.207	20Jul2001	2001b	MC	GR	4	4.2	0.0	0.0	0.0	1.0	0.0	0.0	0.0	0.0	2.3	58.4	0.0	0.0	0.0	41.6
44 9.839	68 27.221	20Jul2001	2001b	MC	GR	8	0.6	0.0	0.0	0.0	0.0	0.0	0.0	0.0	0.0	5.2	100.0	0.0	0.0	0.0	0.0
44 10.338	68 28.328	26Jul2001	2001b	SC	HN	0	20.0	2.4	0.8	0.0	0.0	0.0	0.0	0.0	0.0	0.1	0.0	0.0	100.0	0.0	100.0
44 10.361	68 28.309	26Jul2001	2001b	SC	HN	1	39.4	0.0	0.0	0.0	0.0	0.0	0.6	0.0	0.7	2.3	71.2	1.6	4.0	0.0	23.2
44 10.354	68 28.316	26Jul2001	2001b	SC	HN	2	42.8	0.0	0.0	0.0	2.0	1.0	0.2	0.0	0.8	3.2	73.6	8.8	0.0	0.0	17.6
44 10.377	68 28.281	26Jul2001	2001b	SC	HN	4	28.6	0.0	0.0	0.0	20.0	0.0	4.2	0.0	0.7	5.8	64.0	6.4	0.0	0.0	29.6
44 10.326	68 28.314	26Jul2001	2001b	SC	HN	8	36.6	1.2	0.4	0.0	94.0	3.0	0.2	0.0	0.1	7.3	43.2	56.8	0.0	0.0	0.0
44 9.923	68 28.626	23Jul2001	2001b	SC	MD	0	33.4	2.4	0.2	0.0	0.0	0.0	0.0	0.0	0.0	0.0	0.0	0.0	100.0	0.0	100.0
44 9.931	68 28.642	23Jul2001	2001b	SC	MD	1	88.8	0.4	0.0	0.0	0.0	0.0	0.0	0.0	0.0	0.3	0.0	0.0	0.0	0.0	100.0
44 9.909	68 28.635	23Jul2001	2001b	SC	MD	2	25.6	0.4	0.0	0.0	0.0	0.0	0.0	0.0	0.2	3.8	88.8	0.0	0.0	0.0	11.2
44 9.946	68 28.596	23Jul2001	2001b	SC	MD	4	37.8	0.0	1.4	0.0	6.0	4.0	0.0	0.0	0.3	6.2	0.0	78.4	16.0	4.0	1.6
44 9.945	68 28.626	23Jul2001	2001b	SC	MD	8	24.8	0.0	1.4	0.0	6.0	1.0	0.0	0.0	0.0	9.0	85.6	12.8	0.0	0.0	1.6
44 9.614	68 28.834	22Jul2001	2001b	SC	PL	0	9.6	0.4	0.2	0.0	0.0	0.0	0.0	0.0	0.4	1.3	-999.9	-999.9	100.0	-999.9	-999.9
44 9.606	68 28.858	22Jul2001	2001b	SC	PL	1	13.6	0.6	0.2	0.0	0.0	0.0	0.0	0.0	0.0	0.2	0.0	0.0	0.0	0.0	100.0
44 9.615	68 28.802	22Jul2001	2001b	SC	PL	2	14.4	0.2	0.0	0.0	14.0	2.0	0.0	0.0	0.9	2.7	56.8	0.0	0.0	0.0	43.2
44 9.615	68 28.816	22Jul2001	2001b	SC	PL	4	10.6	0.0	0.0	0.0	7.0	0.0	0.0	0.0	0.2	0.7	68.8	0.0	0.0	0.0	31.2
44 9.613	68 28.849	22Jul2001	2001b	SC	PL	8	22.0	0.0	0.0	0.0	36.0	14.0	0.0	0.0	0.9	0.9	47.2	0.0	0.0	0.0	52.8
44 9.314	68 28.117	24Jul2001	2001b	TC	JL	0	12.4	2.2	2.6	0.0	5.0	2.0	0.0	0.0	1.3	16.5	8.0	2.4	89.6	0.0	0.0
44 9.318	68 28.167	24Jul2001	2001b	TC	JL	1	7.2	13.8	0.8	0.0	15.0	0.0	0.0	0.0	0.0	14.2	19.2	79.2	0.0	0.0	1.6
44 9.309	68 28.157	24Jul2001	2001b	TC	JL	2	41.0	3.6	0.2	1.4	4.0	1.0	0.0	7.6	0.0	6.6	0.0	88.8	2.4	0.0	8.8
44 9.312	68 28.98	24Jul2001	2001b	TC	JL	4	8.2	7.0	1.6	0.0	48.0	0.0	0.0	0.0	2.1	11.7	1.6	98.4	0.0	0.0	0.0
44 9.312	68 28.141	24Jul2001	2001b	TC	JL	8	15.0	7.6	7.0	0.0	43.0	0.0	0.0	0.0	3.2	12.0	8.8	91.2	0.0	0.0	0.0
44 8.164	68 27.194	23Jul2001	2001b	TC	LD	0	9.2	3.2	0.2	0.8	0.0	0.0	0.0	5.0	0.0	0.1	0.0	0.0	100.0	0.0	100.0
44 8.165	68 27.186	23Jul2001	2001b	TC	LD	1	17.2	4.0	1.0	1.6	1.0	0.0	0.0	1.0	0.3	0.2	9.6	52.0	15.2	0.0	23.2
44 8.152	68 27.156	23Jul2001	2001b	TC	LD	2	41.6	1.4	1.6	2.2	31.0	0.0	0.0	1.0	0.6	6.8	60.8	16.8	0.0	0.0	22.4
44 8.121	68 27.133	23Jul2001	2001b	TC	LD	4	10.6	2.6	0.8	2.6	6.0	0.0	0.0	0.0	0.0	3.3	4.0	94.4	0.0	0.0	1.6
44 8.133	68 27.145	23Jul2001	2001b	TC	LD	8	32.8	2.2	0.2	0.2	9.0	0.0	0.0	0.6	0.3	7.9	4.0	88.8	1.6	0.0	5.6
44 9.465	68 27.823	21Jul2001	2001b	TC	LH	0	39.6	1.2	0.0	0.0	0.0	0.0	0.0	0.0	0.1	8.3	0.0	0.0	100.0	0.0	100.0
44 9.460	68 27.804	21Jul2001	2001b	TC	LH	1	25.2	1.8	1.2	0.4	2.0	2.0	0.0	0.0	0.0	4.5	40.0	2.4	0.0	0.0	57.6
44 9.463	68 27.772	21Jul2001	2001b	TC	LH	2	43.2	2.0	4.4	0.4	7.0	2.0	0.0	0.0	2.6	8.2	48.8	31.2	16.8	0.0	3.2
44 9.468	68 27.790	21Jul2001	2001b	TC	LH	4	56.6	0.8	0.0	0.0	104.0	1.0	0.4	0.0	2.2	2.3	21.6	62.4	5.6	0.0	10.4
44 9.451	68 27.826	21Jul2001	2001b	TC	LH	8	62.6	0.6	1.2	0.0	9.0	0.0	0.0	0.0	1.2	10.9	27.2	72.8	0.0	0.0	0.0
44 8.629	68 26.663	10Jul2002	2002b	BC	DK	0	13.6	0.0	0.4	0.0	15.0	0.0	0.4	0.0	3.4	0.9	4.8	0.0	95.2	0.0	95.2
44 8.633	68 26.650	10Jul2002	2002b	BC	DK	1	18.2	1.6	0.2	0.0	130.0	15.0	0.0	0.0	1.5	0.7	0.0	100.0	0.0	0.0	0.0
44 8.657	68 26.687	10Jul2002	2002b	BC	DK	2	12.6	0.4	0.0	0.0	25.0	0.0	0.0	0.0	3.1	0.4	82.3	11.3	0.8	0.0	6.5
44 8.651	68 26.665	10Jul2002	2002b	BC	DK	4	52.2	1.0	0.0	0.2	90.0	10.0	1.8	0.0	1.2	0.7	0.0	84.7	0.8	0.0	15.3
44 8.672	68 26.701	10Jul2002	2002b	BC	DK	8	65.6	0.0	0.0	0.0	180.0	5.0	1.4	0.0	2.3	5.7	0.8	95.1	1.6	0.0	4.1
44 8.302	68 25.950	15Jul2002	2002b	BC	LC	0	27.2	0.6	0.8	0.0	0.0	0.0	15.8	0.0	1.2	4.8	0.8	0.8	90.4	0.0	98.4
44 8.288	68 25.917	15Jul2002	2002b	BC	LC	1	6.2	0.2	0.0	0.0	0.0	0.0	0.2	0.0	1.8	2.1	7.7	23.1	0.0	0.0	69.2
44 8.292	68 25.940	15Jul2002	2002b	BC	LC	2	27.4	1.0	0.0	0.6	155.0	10.0	46.2	0.0	1.5	3.1	1.1	86.5	0.0	4.5	7.9
44 8.306	68 25.967	15Jul2002	2002b	BC	LC	4	42.2	1.2	0.4	0.2	90.0	35.0	10.4	0.0	2.0	2.3	15.6	75.4	2.4	0.0	9.0
44 8.276	68 25.896	15Jul2002	2002b	BC	LC	8	22.2	0.8	0.0	0.0	195.0	30.0	32.2	0.0	1.3	1.9	0.0	92.4	5.6	0.0	7.6
44 8.443	68 26.448	10Jul2002	2002b	BC	MP	0	20.8	0.4	0.2	1.2	0.0	0.0	39.4	0.0	1.0	4.7	0.8	4.8	94.4	0.0	94.4
44 8.450	68 26.503	10Jul2002	2002b	BC	MP	1	43.8	0.0	0.8	2.6	0.0	0.0	49.2	0.0	1.7	3.4	14.3	85.7	0.0	0.0	0.0
44 8.452	68 26.481	09Jul2002	2002b	BC	MP	2	71.8	0.2	0.4	0.0	195.0	40.0	20.2	0.0	2.8	6.2	30.7	61.4	8.8	0.9	7.0
44 8.433	68 26.427	09Jul2002	2002b	BC	MP	4	86.6	0.2	0.2	0.4	60.0	5.0	77.4	0.0	2.3	9.0	19.3	58.8	4.8	12.6	9.2
44 8.449	68 26.456	09Jul2002	2002b	BC	MP	8	69.2	0.6	0.4	0.0	150.0	40.0	5.0	0.0	1.7	2.9	2.5	68.6	3.2	0.0	28.9
44 10.487	68 26.890	12Jul2002	2002b	MC	BO	0	24.6	0.4	0.0	0.0	0.0	0.0	0.0	0.0	1.5	3.1	0.8	0.0	99.2	0.0	99.2
44 10.456	68 26.911	12Jul2002	2002b	MC	BO	1	25.6	0.0	0.2	0.0	0.0	0.0	0.6	0.0	1.8	3.5	97.4	0.0	0.0	0.0	2.6
44 10.510	68 26.873	12Jul2002	2002b	MC	BO	2	35.2	0.0	0.0	0.4	180.0	60.0	0.0	0.0	1.4	6.8	48.7	11.8	4.8	0.0	39.5
44 10.469	68 26.897	12Jul2002	2002b	MC	BO	4	108.4	0.0	0.0	0.0	40.0	15.0	0.0	0.0	3.7	3.3	100.0	0.0	0.0	0.0	0.0
44 10.500	68 26.884	12Jul2002	2002b	MC	BO	8	47.8	0.0	0.0	0.0	125.0	20.0	0.0	0.0	3.6	4.6	98.4	1.6	0.0	0.0	0.0
44 10.462	68 25.380	13Jul2002	2002b	MC	BS	0	25.4	1.0	0.0	0.2	0.0	5.0	6.0	0.0	3.3	3.1	0.0	0.0	100.0	0.0	100.0
44 10.475	68 25.379	11Jul2002	2002b	MC	BS	1	27.0	0.0	0.0	0.0	20.0	475.0	25.4	0.0	3.0	1.5	98.2	0.9	0.0	0.9	0.0
44 10.484	68 25.372	11Jul2002	2002b	MC	BS	2	110.0	0.0	0.0	0.0	20.0	70.0	2.2	0.0	2.4	3.9	100.0	0.0	5.6	0.0	0.0
44 10.509	68 25.358	11Jul2002	2002b	MC	BS	4	77.8	0.0	0.2	0.0	35.0	730.0	77.8	0.0	1.7	7.4	83.7	8.1	1.6	8.1	0.0
44 10.497	68 25.366	13Jul2002	2002b	MC	BS	8	48.0	0.0	0.0	0.0	15.0	460.0	11.6	0.0	1.8	7.6	87.9	1.6	0.8	0.0	10.5
44 9.885	68 27.212	11Jul2002	2002b	MC	GR	0	17.2	3.0	0.6	0.0	0.0	0.0	0.0	0.0	0.4	0.1	0.0	0.8	99.2	0.0	99.2
44 9.855	68 27.207	11Jul2002	2002b	MC	GR	1	29.6	1.0	0.4	0.0	0.0	0.0	0.0	0.0	1.7	0.2	62.9	0.0	0.0	0.0	37.1
44 9.877	68 27.203	11Jul2002	2002b	MC	GR	2	37.4	0.6	0.0	0.0	0.0	0.0	0.0	0.0	4.0	0.0	84.3	2.9	0.0	0.0	12.9
44 9.866	68 27.207	11Jul2002	2002b	MC	GR	4	48.4	0.0	0.0	0.0	0.0	0.0	0.0	0.0	0.3	0.1	24.0	0.0	0.0	0.0	76.0
44 9.839	68 27.221	11Jul2002	2002b	MC	GR	8	5.0	0.0	0.0	0.0	95.0	0.0	0.0	0.0	3.5	0.0	94.4	0.0	0.0	0.0	5.6
44 10.338	68 28.328	16Jul2002	2002b	SC	HN	0	39.8	1.4	1.0	0.0	0.0	0.0	0.0	0.0	0.1	0.3	0.0	0.0	100.0	0.0	100.0
44 10.361	68 28.309	16Jul2002	2002b	SC	HN	1	34.6	0.0	0.0	0.0	10.0	0.0	0.2	0.0	2.6	0.4	100.0	0.0	0.0	0.0	0.0
44 10.354	68 28.316	16Jul2002	2002b	SC	HN	2	54.6	0.0	0.0	0.0	5.0	0.0	1.6	0.0	1.4	1.1	54.4	0.0	0.0	0.0	45.6
44 10.377	68 28.281	16Jul2002	2002b	SC	HN	4	44.2	0.0	0.0	0.0	260.0	30.0	3.6	0.0	0.9	4.0	30.4	17.6	0.0	0.8	51.2
44 10.326	68 28.314	16Jul2002	2002b	SC	HN	8	59.4	1.0	0.2	0.2	300.0	0.0	0.0	0.0	4.2	3.2	15.2	84.0	0.0	0.0	0.8
44 9.923	68 28.626	14Jul2002	2002b	SC	MD	0	13.6	1.6	0.6	0.0	0.0	0.0	0.0	0.0	0.1	0.3	0.0	0.0	100.0	0.0	100.0
44 9.931	68 28.642	14Jul2002	2002b	SC	MD	1	16.0	0.2	0.0	0.0	0.0	0.0	0.0	0.0	0.0	0.1	0.0	0.0	0.0	0.0	100.0
44 9.909	68 28.635	14Jul2002	2002b	SC	MD	2	12.4	0.4	0.2	0.0	10.0	0.0	0.0	0.0	4.6	1.3	97.5	2.5	0.0	0.0	0.0
44 9.946	68 28.596	14Jul2002	2002b	SC	MD	4	31.8	0.6	0.4	0.0	105.0	35.0	0.6	0.0	3.9	4.1	72.0	22.9	5.6	0.0	5.1
44 9.945	68 28.626	14Jul2002	2002b	SC	MD	8	37.6	0.6	0.4	0.0	80.0	5.0	0.0	0.0	4.8	2.2	40.8	34.4	0.0	0.0	24.8
44 9.614	68 28.834	13Jul2002	2002b	SC	PL	0	17.4	0.4	0.2	0.0	0.0	0.0	1.0	0.0	2.1	4.0	0.0	0.0	100.0	0.0	100.0
44 9.606	68 28.858	13Jul2002	2002b	SC	PL	1	8.0	1.8	0.0	0.0	0.0	0.0	0.0	0.0	0.0	0.2	3.3	3.3	0.0	0.0	93.4
44 9.615	68 28.802	13Jul2002	2002b	SC	PL	2	13.6	0.2	0.0	0.0	40.0	60.0	0.2	0.0	2.4	3.3	57.6	0.8	5.6	0.0	41.5
44 9.615	68 28.816	13Jul2002	2002b	SC	PL	4	27.2	0.0	0.0	0.0	365.0	160.0	0.0	0.0	0.3	0.7	32.0	0.8	0.0	0.0	67.2
44 9.613	68 28.849	13Jul2002	2002b	SC	PL	8	51.2	0.0	0.0	0.0	670.0	345.0	0.6	0.0	1.0	2.6	33.6	25.6	0.0	0.0	40.8
44 9.314	68 28.117	14Jul2002	2002b	TC	JL	0	3.0	2.4	3.0	0.0	0.0	0.0	0.0	0.0	3.3	12.3	1.6	0.0	98.4	0.0	98.4
44 9.318	68 28.167	14Jul2002	2002b	TC	JL	1	8.8	10.4	0.0	0.2	65.0	10.0	0.0	0.0	2.7	4.7	0.0	100.0	0.0	0.0	0.0
44 9.309	68 28.157	14Jul2002	2002b	TC	JL	2	28.6	4.8	4.6	2.4	95.0	0.0	0.0	6.8	2.0	2.6	2.5	94.2	4.0	0.0	3.3
44 9.312	68 28.98	14Jul2002	2002b	TC	JL	4	13.4	4.6	0.0	0.0	275.0	0.0	0.2	0.0	4.1	6.6	0.8	99.2	0.0	0.0	0.0
44 9.312	68 28.141	14Jul2002	2002b	TC	JL	8	26.8	10.6	1.8	0.0	405.0	5.0	0.2	0.0	4.6	6.8	0.0	100.0	0.0	0.0	0.0
44 8.164	68 27.194	15Jul2002	2002b	TC	LD	0	14.6	4.2	0.4	0.6	0.0	0.0	0.0	4.4	0.7	0.6	0.0	0.0	99.2	0.0	100.0
44 8.165	68 27.186	15Jul2002	2002b	TC	LD	1	10.8	9.2	1.0	1.8	85.0	10.0	0.0	0.2	0.7	4.2	2.5	80.7	4.8	0.0	16.8
44 8.152	68 27.156	15Jul2002	2002b	TC	LD	2	28.2	3.6	2.2	0.4	535.0	0.0	0.2	1.4	1.8	7.3	9.6	80.8	0.0	0.0	9.6
44 8.121	68 27.133	15Jul2002	2002b	TC	LD	4	16.6	3.6	0.6	3.6	155.0	30.0	0.0	0.2	1.0	2.9	0.0	100.0	0.0	0.0	0.0
44 8.133	68 27.145	15Jul2002	2002b	TC	LD	8	42.6	4.6	0.2	0.2	275.0	25.0	0.4	0.0	6.5	4.3	2.4	92.8	0.0	0.0	4.8
44 9.465	68 27.823	12Jul2002	2002b	TC	LH	0	43.4	0.8	1.0	0.0	0.0	0.0	0.8	0.0	2.0	5.8	0.0	0.0	100.0	0.0	100.0
44 9.460	68 27.804	12Jul2002	2002b	TC	LH	1	44.2	2.0	0.8	0.0	20.0	5.0	0.0	0.6	1.9	3.0	70.3	18.8	0.0	0.0	10.9
44 9.463	68 27.772	12Jul2002	2002b	TC	LH	2	47.4	3.6	1.8	1.4	195.0	15.0	1.6	0.2	3.9	3.4	58.1	39.8	0.0	0.0	2.2
44 9.468	68 27.790	12Jul2002	2002b	TC	LH	4	39.8	2.8	0.2	0.0	480.0	10.0	0.0	0.0	1.2	3.4	0.8	94.4	0.0	0.0	4.8
44 9.451	68 27.826	12Jul2002	2002b	TC	LH	8	48.6	1.2	0.8	0.0	745.0	15.0	0.8	0.0	3.7	7.1	16.8	83.2	0.0	0.0	0.0
